-0.14605199 0.061315052 -0.8075455 0.6298283 0.7571851 -0.43317884 0.26962507 0.865369 -0.49747765 0.71818984 0.45289162 0.5970293 -0.09004418 -0.28656647 0.048400033 1.089101
0.7363305 -0.7169308 -0.15700641 1.1661737 0.64143926 -0.59273314 0.45504802 0.7825386 -0.49461848 0.32419574 0.3758288 0.05325283 0.46763527 0.24256216 0.24608065 1.188355
0.8650432 -0.7974088 0.18856871 0.8562019 0.09671416 -0.33871877 0.013742906 0.7163723 0.08864928 -0.20536304 -0.35556325 -0.23415768 0.5623509 0.31652904 0.3042694 0.5426323
0.4667079 -0.49371523 -0.17217991 0.9137753 0.56036353 -0.41738367 0.30457702 0.6652398 -0.41578612 0.32222617 0.27877378 0.1439453 0.29866424 0.08603469 0.14406683 0.99855244
-0.6608784 0.5815675 -0.54487866 -0.32043606 0.30206755 0.37073022 0.43200004 -0.32422498 -0.35772005 0.6271309 0.29893246 0.30246785 -0.5756437 -0.31709045 -0.25458524 0.005493954
-0.817161 0.733397 -0.56971633 -0.579428 0.12360674 0.75038075 0.60325354 -0.6650391 -0.2500425 0.6141241 0.2741549 0.16937184 -0.810285 -0.20388773 -0.34940818 -0.335505
-0.8317771 0.7119055 -0.6831958 -0.43455434 0.2701315 0.57717013 0.56495744 -0.44710523 -0.33454284 0.7019809 0.34590936 0.31087756 -0.7321923 -0.29144162 -0.3304006 -0.10813058
0.40108812 -0.42701107 -0.13776928 0.7843289 0.4865734 -0.3139511 0.34559736 0.4851883 -0.3887883 0.31434035 0.23141149 0.073910795 0.25119227 0.07109195 0.09662748 0.84408814
0.6679528 -0.601984 0.2560429 0.63155323 0.07114364 -0.2883043 0.22675999 0.254515 -0.09926201 -0.062527776 -0.0012845704 -0.28538266 0.52569544 0.35486007 0.17152852 0.40494534
0.29876146 -0.36114073 0.16409929 0.29794177 -0.016492095 0.26422665 0.2770217 0.0033083558 0.14406662 0.0015927074 -0.33629268 -0.2859127 0.16829672 0.11143397 0.04767495 0.056438178
-0.6842777 0.6155641 -0.46776575 -0.44782835 0.20246077 0.5117966 0.5050261 -0.5088343 -0.3068779 0.5687151 0.23509276 0.18347523 -0.6559353 -0.25612816 -0.2963291 -0.19608608
-0.45932662 0.36010045 -0.45689481 -0.012349442 0.3451634 -0.15738955 0.05398509 0.21023467 -0.2686818 0.5155217 0.30229688 0.40911227 -0.11644119 -0.28060377 -0.13342829 0.42366314
-0.1800105 0.079887986 -0.4246629 0.363386 0.5057831 -0.21004942 0.14881645 0.41206077 -0.36807364 0.44181037 0.38195303 0.4166941 -0.09691774 -0.23915166 -0.030604206 0.6630982
0.7073178 -0.64377224 0.2635919 0.7097965 0.2103058 -0.3053183 0.20743069 0.31403446 -0.2062532 -0.040150397 0.06655325 -0.23972693 0.44797096 0.30372548 0.15776205 0.5494829
0.27601546 -0.22175786 0.66460276 -0.23067877 -0.3811985 0.14121546 0.028121347 -0.63512623 0.061954636 -0.36091056 -0.029129349 -0.42951763 0.2617273 0.3613862 0.0068796594 -0.54363185
-0.0563668 -0.060977455 0.43838543 -0.37361038 -0.2902761 0.1920355 0.26330885 -0.84510773 -0.15851551 0.013238959 0.036949165 -0.26469737 0.08531328 0.18816811 -0.14684972 -0.47327664
-0.73715746 0.64970464 -0.5425291 -0.510306 0.09195457 0.69006014 0.53064525 -0.5576576 -0.18680276 0.53552973 0.24615733 0.16183613 -0.7160873 -0.16052851 -0.3073678 -0.30104315
-0.093749024 -0.0117791705 -0.41127825 0.3781071 0.503335 -0.19404197 0.3495407 0.3140133 -0.41598666 0.4500529 0.3935392 0.25903198 -0.049101707 -0.1654084 -0.014509693 0.63695395
0.26977727 -0.2003176 0.61281997 -0.20850727 -0.33772218 0.14343108 0.060496256 -0.6077352 0.053623363 -0.33101523 0.015493908 -0.43803525 0.24524617 0.3304847 -0.003374435 -0.48059553
0.3470956 -0.29915962 -0.0361287 0.4725195 0.21120434 -0.31365463 0.10710777 0.27661833 -0.19549426 0.0642694 0.2307039 -0.0030606538 0.23683865 0.13225166 0.09336641 0.47718722
0.32058635 -0.24759139 0.65801334 -0.24231014 -0.38069052 0.088924155 -0.005091414 -0.6229551 0.049802817 -0.38110244 0.044279736 -0.47693008 0.2501706 0.37107924 0.022963434 -0.49380988
-0.05428934 -0.014612433 -0.42256984 0.44981635 0.5126928 -0.27472022 0.29647967 0.29300722 -0.44142574 0.43368265 0.44782174 0.29153496 -0.027316656 -0.12840144 -0.0013400964 0.65100175
0.29007 -0.23408552 0.6153134 -0.2383425 -0.37963888 0.08383764 -0.01114485 -0.58004165 0.08438367 -0.35725117 0.014281898 -0.416952 0.27644515 0.37939027 0.032262508 -0.53930026
-0.002401717 0.18048072 0.1813655 -0.41703427 -0.50773776 -0.12971108 -0.95975566 0.3082527 0.74147844 -0.7692623 -0.5463004 0.03898009 0.007843975 -0.100494206 0.21022816 -0.5333325
-0.32391775 0.42397028 -0.43965846 -0.33587286 -0.33771792 -0.41184804 -1.3736504 1.2089939 0.94213235 -0.64848816 -0.89054894 0.6121093 -0.19350609 -0.53536165 0.26704073 -0.215293
-0.43632832 0.5134183 -0.4586084 -0.4220523 -0.3357262 -0.38015577 -1.3788909 1.1590505 0.9423039 -0.61171293 -0.86377186 0.6440048 -0.2514883 -0.5938331 0.23900576 -0.2612753
0.1739955 -0.04321975 0.5418945 -0.38547117 -0.49459442 0.15004884 -0.26731393 -0.58483785 0.28511065 -0.47315124 0.021772012 -0.44815797 0.100443155 0.2041603 0.029368518 -0.6027711
0.11429475 0.034506414 0.10326962 -0.15237966 -0.31541264 -0.20592761 -0.81643844 0.56085026 0.64320207 -0.6443497 -0.6216152 0.079421185 0.08712347 -0.09909324 0.2174032 -0.2442986
0.15284896 -0.17832106 -0.2019122 0.24894646 -0.017486155 -0.31579232 -0.57118326 0.93497676 0.39442685 -0.24473172 -0.6518014 0.18076658 0.13194373 -0.1896592 0.17002162 0.18370551
0.11991964 0.02484775 0.5743876 -0.50817883 -0.5855859 0.1296264 -0.44725826 -0.52303666 0.4176734 -0.6130208 -0.1376866 -0.3920207 0.10046468 0.1768506 0.056375418 -0.73645735
0.7386217 -0.6450364 0.41522783 0.5219349 -0.07901553 -0.26894882 0.22719546 0.029861264 -0.10350873 -0.17386685 0.058912616 -0.41156608 0.567385 0.46821147 0.1768662 0.21757466
-0.28637713 0.28259808 -0.44227466 -0.16155735 -0.15154625 -0.38114068 -1.0541253 1.0703648 0.64882225 -0.38920593 -0.6894917 0.5242158 -0.12388949 -0.4802968 0.18602851 -0.04484397
0.7595764 -0.65230495 1.1639448 -0.1111128 -0.60824597 0.06665677 0.18364045 -0.93385625 0.07220438 -0.5769066 -0.036996182 -0.833452 0.62058747 0.7262698 0.101257324 -0.6905422
0.9935951 -0.6924911 0.92657894 0.13084178 -0.665922 -0.33292058 -0.47749817 -0.019022211 0.51100713 -0.95665026 -0.33355224 -0.633678 0.7160515 0.6449473 0.36454746 -0.4578874
