81929
8202
81930
8204
14
16
20
27
253980
29
31
32
34
8233
41
43
8239
48
50
204851
51
57396
8243
58
57403
8266
81
8273
86
87
90
91
92
8289
100
102
57447
57448
8295
8294
8301
114798
114803
114805
118
119
8312
8313
8314
8315
128
8322
133
114822
135
134
136
146
57491
148
57493
57496
156
158
57506
57508
166
8359
8360
8361
57514
8363
8364
8365
8366
8367
8362
8368
8370
57522
90293
182
185
57534
190
196
8394
8396
8398
207
208
57551
210
8408
8409
8411
220
223
8416
226
57574
57575
8425
239
240
241
57591
8440
8445
8450
8451
8452
8454
57610
267
8462
57616
57617
8464
8467
57620
273
90390
8473
57626
283
284
8476
57630
288
123169
57634
291
301
302
57646
8493
306
309
310
311
8503
8501
57662
320
322
323
324
8517
57669
328
329
331
8525
334
8527
57680
57679
333
8531
57689
8539
348
8542
351
8546
358
57706
8554
57708
369
8563
373
8567
8569
382
8575
384
387
388
389
57732
391
392
394
396
402
403
405
406
408
409
8604
8605
8607
8609
115106
8611
8613
246184
8621
8625
57787
65981
8646
147912
8649
8650
8651
8654
8658
467
468
472
473
476
8671
57826
246243
8675
8677
8678
488
8682
491
498
8697
506
509
513
514
515
521
522
197131
8717
8725
8726
8727
538
539
540
8737
8738
546
8741
8751
8754
90678
148022
567
8763
572
573
8766
8767
578
579
8772
581
8773
8775
582
585
595
8788
598
8795
604
613
8805
617
8813
623
8818
8820
632
8825
637
638
8829
641
8834
8837
645
648
8841
649
652
657
8850
659
661
662
664
665
667
90780
8861
672
673
675
8867
677
678
676
8878
8879
687
8881
8883
694
8890
8891
8892
8893
8894
8897
100287171
8907
718
8912
8914
8915
8924
115426
8930
8932
8943
8945
754
773
774
780
783
8976
785
8985
8986
793
541468
796
801
805
808
811
58155
816
818
824
148281
9020
9022
9025
835
836
9031
842
58190
847
9040
9043
9049
353116
861
9053
864
868
871
9063
9066
9070
9076
222068
9079
889
891
896
899
9092
9093
902
9097
9101
9107
353174
9113
9114
123803
928
9126
939
9131
9134
947
9140
949
950
9145
9146
960
961
9156
966
9162
972
975
983
9181
989
9183
9184
996
997
998
9191
123879
1001
9201
1012
115703
1017
1019
1020
9213
1022
9218
1027
1028
1029
1030
1031
1032
9220
9219
91147
9230
222229
1046
1051
1054
9252
9253
1062
9255
9261
9262
9263
1072
1069
9270
1081
9282
1104
1105
1119
353376
1120
9311
1129
1130
9324
1135
1136
58480
1138
1139
58487
1143
58488
1147
9341
58493
9344
1153
9353
58508
9361
58517
1174
9367
9368
9369
9371
9372
58526
9379
58533
1191
1192
1195
1196
1198
25776
1201
1200
1203
25777
1213
25796
9412
25805
25813
25820
25824
25825
9440
9444
9445
9448
9451
25836
1268
1270
25847
9464
9463
1278
25855
9474
9475
25861
9479
25865
1289
1291
1292
91404
222484
165140
1307
9500
25884
1312
140576
25896
25898
9516
9517
9519
9525
50485
9527
50488
9531
9536
25923
9545
9546
1355
25932
25930
50511
9551
25937
25939
50515
1365
25942
9559
9557
25945
1363
9563
9572
9575
1385
9577
1387
1386
1390
25970
1395
9588
1399
25976
25988
9604
9611
9612
25998
25999
9616
26001
9618
9619
26000
1429
116113
1432
9627
1453
1454
9646
9648
1457
116143
9653
26039
1464
9657
9655
1471
26047
1476
9670
26058
26060
1487
1490
9683
1495
50649
9690
1499
1500
9693
9695
9696
1509
9702
1512
83439
1522
1523
26100
9727
255488
1540
26119
9736
26121
1545
26130
26133
9757
9765
9767
9775
149041
9785
26173
1601
9793
9794
1604
1605
1603
1611
9804
1613
26191
1616
9810
140885
1622
1627
83547
9821
9819
83548
9826
1636
9828
1641
1642
1643
1647
26224
1649
1650
26227
1653
9846
1655
26234
1660
9855
9856
1666
9862
9867
1676
83595
9869
26258
26259
83605
26270
26271
26272
26276
26277
124583
26286
9903
9907
1717
1718
9910
26297
9913
9918
1728
1729
1730
1734
9927
1738
1739
1740
9935
9943
116444
9950
1760
124641
9960
83695
9968
9967
9969
83700
1785
83706
9978
1788
1786
50944
1798
9990
9994
1810
1813
10006
1814
83737
10010
10013
10014
1826
1827
1831
1832
10025
91949
1840
1845
1848
1849
1855
1856
10049
1857
51009
10051
10054
10055
10058
10059
10062
51022
51024
51026
1874
1876
1880
10075
10076
1889
10083
1893
26469
10087
10096
1906
1909
51065
10105
51067
10106
10111
10114
10116
51076
51079
59272
83852
59277
51085
26509
1936
1937
26512
10131
83860
1942
26519
26520
51099
26524
51100
1949
83871
1948
51107
1956
1958
10150
10152
51111
10155
10156
1965
59307
1967
10159
1969
51119
10163
149428
10165
1977
1978
1979
10174
51135
1984
51141
10181
51144
92105
59338
1994
10188
51147
26574
1997
10193
10194
2004
10197
51160
26585
2010
2011
51163
10201
10206
83933
51162
51168
10210
2019
10212
10213
2022
2023
2020
92140
10221
51181
2033
2034
51185
10228
26610
2040
51194
51196
2045
51199
2049
10242
378884
2054
2059
10252
10253
2060
2063
2064
2065
2067
2068
2071
2072
2073
2074
165918
10270
51231
2081
10273
10272
10277
51246
10291
51256
51257
10297
10299
10300
10296
2118
2119
51272
2131
2132
10325
51283
51289
2139
2140
2145
84067
10342
51304
116840
10347
84079
84081
51319
51322
166012
10370
51330
10371
84101
2185
2186
10379
51340
10381
2189
51343
2192
51347
10393
2202
10395
10397
10399
10401
51366
63941
10411
10413
51377
10419
51379
125111
10425
2237
84159
10432
51393
2241
2243
10437
2246
84168
2250
10444
2254
10449
2258
10452
2261
2260
2263
2264
10458
10459
10460
51422
2274
51426
10468
51429
2277
10472
51433
51434
2280
2281
10477
10476
2288
10487
10488
116985
10492
10494
51455
2305
10498
10497
2308
2309
10499
84231
84233
51466
10507
2316
2317
2321
51474
10514
23258
10522
2334
2335
10527
10533
51493
51499
10540
84268
10542
2353
2355
51510
84282
10558
51523
84292
10565
10564
10569
51529
10572
10577
10579
10580
51542
2395
51548
26973
10592
51552
10598
10600
51562
51564
84335
84336
26994
84340
10613
26999
27000
10616
27005
10621
10623
10622
10626
10628
51588
10629
51592
10632
27018
51599
10642
10645
27031
27032
84376
27035
10652
10658
51619
10664
10670
10672
2488
117177
92609
92610
27086
51665
51667
2516
27097
10714
84444
27102
84447
84446
2530
2531
51684
10725
2534
10728
2537
27113
2539
2542
10735
84464
27122
2547
2548
2549
51701
27125
84466
27130
2562
10755
51715
27141
10758
51720
2571
27148
10765
10766
10763
10769
27154
27159
10776
51738
51741
2590
10783
10782
2591
2589
51747
10787
117283
51750
10791
51752
2596
51755
84524
10801
27185
51763
51773
2624
10817
2625
10818
2626
2629
27201
92737
2634
150094
2645
2648
10845
27230
10848
27236
10856
27242
2668
2670
27248
133746
27252
10869
2683
2688
2692
84619
10892
2702
10899
27284
10901
10902
84632
27289
84634
10905
10908
10912
10919
2729
2730
10922
84649
27306
2734
10928
2736
2739
27316
10933
84661
10935
2744
10938
2746
10939
2747
2752
10952
2760
27338
27339
10956
10955
2767
2768
10959
84687
2771
27343
10965
2776
27352
2778
10972
2782
10978
92906
10987
92912
2805
2806
10998
11004
2820
2826
150290
11030
84759
11033
11034
11035
11040
27429
11047
11051
11052
2864
11059
11060
387893
2874
11069
11073
84803
11076
2885
2887
2889
2891
2895
2896
2898
11091
2902
2903
2904
2906
2908
2909
11104
2914
2915
2917
84844
2926
11120
2931
2932
11124
2934
11128
11130
11135
2947
84869
2950
11143
2956
84876
2962
84883
2965
2967
11160
2969
84894
11168
11171
84901
11176
93100
11186
11188
11190
84919
11193
150465
3014
84934
55959
84938
11218
11221
84958
3039
3040
11236
84967
11253
3064
3065
3066
3073
3074
3082
3084
166929
3091
11284
3093
3092
11285
60436
3099
3108
11315
11325
11326
60482
11331
60485
3141
11338
3146
3148
11342
11343
11344
3156
3162
3163
3164
3171
3178
3182
3185
3187
3192
3202
3214
3216
60561
3219
150684
3251
3257
3265
3267
3275
3276
3280
60626
3295
3297
3299
3300
3301
3306
3308
3309
3312
3315
3320
3326
3329
60673
3340
3357
3359
3360
3364
3396
3397
3398
3399
142678
3417
3431
85363
85365
3476
134549
3485
3491
3508
3516
85440
85442
93649
85458
85464
93664
85476
85477
3572
3603
3611
3612
3621
3622
3623
3624
3633
3638
3643
3654
3655
3659
3661
3665
3667
3669
347734
3672
3675
3685
3688
3703
3707
3708
3714
3716
3717
3720
3725
3726
3727
3728
3749
3760
3762
3772
3775
3778
3796
3801
3815
3818
3831
3832
3837
3838
3840
3843
3845
3848
3849
3857
3858
3861
93974
93986
3911
3912
3913
3915
143187
3925
3931
3936
3949
3954
3956
3958
200576
3975
3981
3983
3984
3987
3988
3992
4000
4009
4035
4038
4040
4041
4047
4048
4054
4055
4059
4076
4077
4081
4085
4086
4087
4088
4089
4090
4091
4092
4094
94234
4124
4131
4133
4154
4155
4157
4161
4163
4170
4171
4173
4175
4176
151636
53335
53340
340061
4189
151648
4193
4194
4204
4205
53358
4209
4211
4214
4215
4216
4217
4218
4221
4240
4247
553115
4258
4281
4282
200894
4292
4294
4296
4297
4303
4331
4358
4361
28962
127281
28988
28989
28996
28999
4436
53615
53616
4486
29072
29079
4520
151987
29109
29110
4534
29115
29116
29117
29127
201161
4597
4598
4609
4615
4616
283149
4627
4628
4629
4638
4643
4644
4646
4650
4651
4659
4664
4665
4670
4678
4681
4683
4690
4691
4700
4710
4719
4720
4722
4724
4725
4728
4729
4734
4750
4760
4763
4771
4775
4778
4780
4781
4790
4791
4792
4824
168667
4830
4831
4836
4843
4850
4851
4853
4857
4860
4863
4864
4867
4869
4887
4891
4897
4899
4904
4905
4913
4915
348980
4926
4929
4952
4953
54106
54107
283489
4968
4976
4983
4985
201595
4988
5018
5025
5033
5045
5046
5048
5052
127933
54206
54205
5058
5062
5071
5074
5077
5080
5081
5087
5090
5094
5100
5108
5116
5119
5130
5140
5147
5154
5155
5170
5176
54332
5189
5190
5191
54344
5194
5195
5204
5211
5213
29789
5217
5223
5224
5226
5243
5245
54407
87178
54413
29843
29844
5268
259230
54431
54434
5286
5287
5289
5290
5291
5292
79017
5295
5296
5300
29882
79035
5307
5308
5310
54463
5311
29886
29890
79039
5316
54471
29896
29899
54476
79053
29901
79058
5333
5335
29911
79065
5338
5339
54496
79077
5351
5352
79084
128239
29937
5364
29945
5371
5376
29965
54541
29979
54556
79133
79139
5413
5422
5423
5424
5426
79155
5429
79158
54583
54584
30009
5442
5443
5444
79176
554313
54602
5451
5449
144717
79184
5460
283989
54617
5467
5469
54623
5494
5496
5498
5499
5500
5501
5515
5516
5518
5520
5524
5525
54677
5527
5530
5531
5532
5536
5537
5538
5540
54708
5566
5568
5573
5578
5580
5581
284110
5585
5587
5590
5591
5592
5594
5595
5598
5599
5601
5602
5603
5604
5606
5607
5608
5609
5610
54764
5617
5618
5621
54778
5626
153090
5641
54795
54801
5649
374291
5654
54806
5660
5663
5664
54820
54822
5682
5683
54840
284217
54843
5692
5693
54850
5701
5702
5704
5705
54862
5716
54872
5725
5727
5728
54880
54892
5742
5747
54899
54902
54903
54904
54910
5770
5771
54926
54927
5774
54929
5775
5780
5781
5782
5783
5791
5792
5796
5797
54949
5798
5800
5801
5802
54960
54962
5810
5813
54968
5817
5818
5819
54974
5828
5829
5830
54982
54984
5831
54997
79576
79577
5862
79594
5867
5868
79595
5870
5871
55023
5873
5879
55031
5883
5884
55036
5886
5887
5889
5894
5898
5899
5900
112398
79631
5906
5908
5911
5912
5914
5915
5916
55072
5921
55075
5925
79654
5928
55081
5930
5931
5932
55083
79661
5929
5936
5954
55109
5966
5970
55125
55128
5976
5978
5979
5983
128869
79718
5991
55142
55145
79728
6002
55154
55159
55160
6009
79736
79738
6015
55174
79753
55183
6045
6047
55201
6050
6049
79784
79791
112574
55236
79813
55240
6092
6093
6095
55250
6102
79831
6103
79840
6117
6118
6120
55284
55288
497661
55294
79872
79885
79888
55326
55327
55331
6182
79913
6188
6189
55342
6194
6196
6198
6199
55352
120892
55357
6207
55361
6210
55366
145482
6231
79960
100137049
161882
6237
30815
6240
6241
6249
6251
30827
6256
6257
6258
6259
6261
30844
30845
6272
6275
30851
80005
55432
6284
6288
80020
6294
6299
55454
6303
6310
6314
55471
6319
55500
55501
653519
55503
112869
6376
55534
6386
6389
6392
375033
6416
22800
6418
80144
375056
6421
22809
6426
6431
6434
22821
55589
112939
55600
22836
6453
55604
203068
22845
55614
55612
6464
22846
6468
22853
6470
22854
22856
55625
55624
55627
6477
6478
22862
22861
22865
63826
22863
55636
6484
55632
6487
22872
6492
6497
6498
22882
6500
55650
6502
55654
55656
6505
6506
6507
22893
22894
6513
22900
55669
6521
6522
6523
22909
55681
22919
22920
55689
80267
55696
22930
6548
22933
55703
22937
22938
55705
6558
55715
22948
22954
22955
63916
6574
63924
6584
80312
80314
55740
55742
6591
22976
55743
6596
6597
55750
6598
55752
6601
22985
80331
6604
6602
6599
55759
80335
6609
55755
55756
6612
6613
6615
6623
6624
6625
80351
23011
23007
63971
6631
63976
6636
23020
55790
203245
6640
23024
6642
23025
23028
6646
6647
23032
6648
6651
80381
6654
6655
23043
23047
23049
6667
55819
6670
23054
6672
55832
23064
6683
23075
23077
55847
6696
23081
23085
23087
55856
23089
23095
6711
6714
6717
6720
6722
64067
64072
6729
6733
6737
23122
64083
23126
6742
23129
64089
23133
55904
23139
6755
6760
6764
64112
23154
6772
6774
64121
6777
23162
219771
23161
55929
6778
6786
64130
6789
23175
6792
64137
6794
23177
6801
23186
23189
55958
64151
23191
6809
23192
6811
6812
129685
6814
55967
121504
55971
23205
23210
23212
23213
6832
6840
6845
23230
6850
23236
285381
6855
6860
6868
64215
6872
64216
6873
64219
6871
6877
6874
23263
6880
6881
6879
6883
6885
6886
6895
6901
23287
6903
6904
6905
23291
6907
23295
23299
23303
23304
23308
23309
23310
6926
6929
23314
6934
23318
285464
64285
23326
23327
6944
23332
23338
23345
23348
23353
23362
23363
64324
23368
23370
23376
80725
80727
23383
7001
23390
23392
23394
7013
80746
7018
7019
23405
7023
7025
7026
23411
7027
23409
23414
7030
64377
80762
7037
7040
23424
7043
23428
23429
7046
7048
23433
7050
23435
7052
7053
80781
64398
64400
7057
64399
7059
80789
285590
23451
7067
64412
7071
7072
7077
64422
7082
64428
7089
56243
23476
7091
56246
7094
80824
23481
7096
7100
80829
56254
7101
7105
56262
23499
23503
23509
7126
80854
23512
23513
80856
23515
7132
23522
7148
23534
375790
7155
7157
23542
7159
23543
7161
7163
7164
7168
7169
7171
23557
7175
23560
7178
23566
7184
23568
7186
7187
7188
7189
23580
89122
7205
23592
23598
7220
252983
7224
7225
64577
23624
7248
7249
23633
7251
23636
64599
23640
23648
23649
7267
23654
7270
7283
23673
7295
7296
81035
7319
7320
23705
7321
7322
7323
7324
7325
7327
7328
7326
56479
7329
7332
7334
7335
7336
7337
64682
7341
7342
162989
64699
138429
23741
7375
23759
7376
23765
113878
23770
7389
23774
7391
7392
7390
56548
7398
7402
23787
64750
7408
7410
64754
7414
7415
7416
64759
7419
7421
7422
7423
7428
7430
7431
64783
7442
7443
7444
64786
7448
56603
7453
64798
64802
64805
7466
7468
7472
163126
64834
64837
7494
56652
253260
56655
7508
64852
64854
7514
64859
7518
130399
7520
56674
7525
7528
7529
7531
7532
7533
7536
7544
7545
7546
7572
64924
114088
56751
56776
130507
65018
130557
56829
7703
65057
7716
65078
56897
56913
24145
7763
24148
56923
261726
65123
7786
56940
56943
56949
56950
7804
56957
81542
7818
56970
81559
7832
56984
81565
56993
81570
56994
7844
56998
81576
7857
89781
7862
57026
7879
7884
81620
57045
81622
57048
81628
57060
7915
7917
7919
65267
57084
57092
7941
7942
57099
57104
57107
7957
57113
89884
253725
57117
57120
7976
7979
220972
196403
57142
57153
57154
57159
8021
8022
89941
57178
8036
57216
8078
8085
8086
8089
8092
147372
114609
81844
81846
81847
81858
245711
57325
57332
