0.5623471  0.040086403  -1.033602  0.67536557  0.48674488  -1.0238413  -0.94991916  -0.28444368  1.3137313  0.3844304  0.5163425  -0.5566714  0.19123256  -0.13973603  -0.29857147  -0.011196846
0.0034160092  -0.23572572  -1.1733679  0.83569294  0.86193323  -0.72937876  -0.67439306  -0.9215358  1.3628303  -0.08982801  0.12917393  -0.48911467  -0.0117661655  -0.38124296  -0.5574026  -0.05874861
-0.27351588  -0.2081526  -0.6333546  0.41711423  1.1657406  -0.19381677  -0.30180693  -0.91818166  0.68882024  -0.46809402  0.07733886  -0.458248  -0.46852773  -0.75159675  -0.7671947  -0.1785205
0.11772516  -0.18053278  -0.9456924  0.6431171  0.62829983  -0.6393967  -0.5578757  -0.59385926  1.0516585  0.03435485  0.094447434  -0.4071493  0.11609382  -0.26715547  -0.37212968  -0.022576109
0.8501868  0.1945948  0.22427532  -0.23101279  -0.55907047  -0.5633942  -0.7819663  0.5991986  0.5768359  0.32200566  0.5612137  0.0030001365  0.19651261  0.42472655  0.1205876  -0.051089413
0.81722116  0.32148367  0.932478  -0.85477257  -0.91196173  -0.36094174  -0.6539346  1.0316174  0.36170846  -0.10440427  0.14155051  0.07920735  -0.060312033  0.25600892  0.2073378  -0.15129697
0.948141  0.30457658  0.69365984  -0.65145606  -0.8820139  -0.51277274  -0.7923382  0.9644859  0.53886056  0.09727934  0.32765692  0.051320605  0.079502776  0.38003612  0.21123268  -0.1184195
0.059082814  -0.16185886  -0.7910606  0.51958686  0.5396503  -0.5074371  -0.46187317  -0.51488054  0.8928573  -0.0032087117  0.061350062  -0.33606523  0.06431702  -0.25435627  -0.31790027  -0.03135501
-0.311554  -0.1497471  -0.02717273  0.035372995  0.70217514  0.09002475  -0.12825376  -0.61913776  0.27669078  -0.6220396  -0.0796428  -0.1625801  -0.5125129  -0.44583148  -0.5906613  -0.2152765
-0.3687048  -0.22849418  0.21330097  -0.090229705  -0.2123572  0.46573722  0.39031136  -0.14381343  -0.3510674  -0.24592173  -0.27857935  0.26614964  0.02134255  0.11948043  0.059902105  0.044434614
0.71445763  0.12942472  0.0071549676  -0.037126064  -0.37410337  -0.5165571  -0.6867015  0.39071208  0.5410412  0.37780312  0.5759922  -0.02067393  0.22285673  0.38914743  0.08262129  -0.01377696
0.31605136  0.06265402  -0.28573933  0.31548917  -0.2387645  -0.37348858  -0.27935785  0.18501024  0.35067916  0.3856159  0.054474562  -0.09376973  0.36322615  0.31576845  0.17903951  0.046522103
0.32770795  -0.01584789  -0.5408026  0.41435125  -0.021538768  -0.49333626  -0.36799055  -0.018145926  0.57531846  0.3812334  0.10849185  -0.16013628  0.40182364  0.18005562  0.08320895  0.06796123
-0.09750071  -0.18870135  -0.6000178  0.4103978  0.5210305  -0.30030543  -0.28023314  -0.5503517  0.6707868  -0.15455422  -0.049351938  -0.24559954  -0.04816758  -0.2527567  -0.3384984  -0.049153984
-0.3463795  -0.14689648  0.6166986  -0.31104374  0.0039004385  0.50445324  0.18361697  -0.101973124  -0.3096345  -0.5663216  -0.24344945  0.18491271  -0.33603394  -0.0095459595  -0.22690731  -0.19121443
-0.41984865  -0.16084647  0.6372018  -0.33385748  -0.04060938  0.5334962  0.18458553  -0.17528002  -0.24470408  -0.61344707  -0.24889392  0.26480722  -0.37303156  -0.018001549  -0.22062927  -0.14357816
0.81722116  0.32148367  0.932478  -0.85477257  -0.91196173  -0.36094174  -0.6539346  1.0316174  0.36170846  -0.10440427  0.14155051  0.07920735  -0.060312033  0.25600892  0.2073378  -0.15129697
0.2312055  5.5640936e-05  -0.67048246  0.5207909  0.032698877  -0.51617515  -0.38248366  -0.16267504  0.67989504  0.35220388  0.116469584  -0.18607512  0.33611017  0.15437242  0.045410942  0.042963885
-0.3561219  -0.120903075  0.67252576  -0.36318892  -0.019768827  0.60153633  0.24877134  -0.1691728  -0.25825828  -0.5417088  -0.1922442  0.30336988  -0.35357732  -0.02264122  -0.17331499  -0.14368844
-0.1528651  -0.1809552  -0.36840463  0.27568954  0.22304428  -0.12969102  -0.08752734  -0.42569056  0.47597757  -0.13177496  -0.14935628  -0.04817193  -0.008812495  -0.06994484  -0.15423118  -0.005590069
-0.33957982  -0.10603997  0.2458058  -0.15375423  -0.19975138  0.37439662  0.36497235  -0.15214798  -0.34528047  -0.24166718  -0.30818358  0.33428767  -0.021224327  0.176768  0.07844883  0.014102099
0.25778005  -0.07444887  -0.5941921  0.4592631  -0.01989676  -0.48646018  -0.37285244  -0.17684215  0.71762395  0.3032173  0.12251716  -0.12819502  0.36062974  0.18540095  0.022937447  0.06248027
-0.33595517  -0.07459109  0.62869596  -0.35415584  -0.031343274  0.5033252  0.21825594  -0.17571107  -0.2750505  -0.5116848  -0.18513653  0.29144567  -0.36005944  0.012037266  -0.16697404  -0.12640548
-0.54919523  -0.4553257  0.32951427  -0.04582303  -0.2797575  0.7113587  0.5932654  -0.54265213  -0.4758214  -0.35022378  -0.3574594  0.559732  0.06352148  0.25674266  0.13652791  0.10965236
0.123360515  0.95966244  -0.49805114  0.048488066  0.3996171  -0.15812081  0.9305848  1.2133408  -1.8806944  1.4409122  0.3870046  -0.679056  0.17539756  -0.55410326  0.74254704  0.42600504
0.13584736  1.0444585  -0.6217881  0.062235363  0.6486106  -0.19285989  0.921482  1.182499  -1.9131222  1.5158811  0.52414626  -0.8487679  0.05419804  -0.7626591  0.6655236  0.41708648
-0.3830713  -0.531114  0.15253119  0.13418785  -0.61553836  0.5599655  0.59103435  -0.35829523  -0.5279559  0.014667243  -0.26835182  0.63941616  0.43665168  0.56224215  0.45328182  0.27904028
-0.4912665  -0.3514383  0.0051523224  0.056177594  0.1768676  0.44592953  0.34470242  -0.6372085  -0.116667956  -0.39605302  -0.2677634  0.24732468  -0.12313061  -0.08477281  -0.124089204  0.021678805
-0.20943466  0.22104327  -0.3012219  0.04898344  0.95418864  0.11731133  0.23603377  -0.117834315  -0.42597923  0.04173018  0.2629577  -0.4811397  -0.47319096  -0.7898992  -0.32338706  -0.054871485
-0.51203495  -0.6156646  0.21686694  0.11528994  -0.6884016  0.7166033  0.7274663  -0.49865165  -0.60197634  -0.066673115  -0.3824089  0.7734219  0.45594063  0.6257077  0.4958263  0.3066244
-0.3751781  -0.18093795  0.011342056  0.02042953  0.6450847  0.12839763  -0.058379807  -0.66835  0.24731004  -0.67125726  -0.15461245  -0.102420725  -0.4973267  -0.4164005  -0.57253724  -0.20325406
0.074664414  0.63772833  -0.4820302  0.098898135  0.8659246  -0.11642033  0.4233771  0.49109071  -0.9860229  0.7867001  0.5026525  -0.72652704  -0.24130413  -0.79138696  0.083511375  0.12942275
-0.8151505  -0.38848743  0.7821409  -0.36762604  0.5759315  0.82683015  0.18733735  -0.87299573  -0.067043066  -1.262939  -0.35200968  0.2582742  -0.8935237  -0.39248705  -0.7296229  -0.3211122
-1.089511  -0.6413301  0.54304564  -0.12733085  0.55599266  1.0396287  0.56062454  -1.2343425  -0.2901985  -1.201465  -0.4651349  0.42476264  -0.7184831  -0.33092478  -0.60263354  -0.14552954
