-0.20947371  0.06667945  0.0984691  0.1919375  -0.080032066  0.47637445  -0.8745652  0.18517709  -0.20729391  -0.5985695  -0.74912786  -0.5339379  0.8607329  -0.18650463  0.6526586  -1.2605314
-0.2230112  0.5162576  0.13630167  0.2322197  0.4535706  0.5552685  -0.8781198  -0.28485578  -0.50836945  -0.2713114  -0.993724  -0.7827731  0.94432664  -0.43423513  0.60697293  -0.7450691
0.23328504  0.634288  0.2678088  0.02712256  0.20914349  0.37167713  -1.1969213  0.17868948  -0.055189088  0.3257487  -0.5048193  -0.62792474  0.35801485  0.17481618  0.53392535  -0.11297399
0.046888337  0.1569899  -0.0011956515  0.20178205  -0.10413544  0.28619772  -1.0665042  0.32137492  0.04401301  -0.25022635  -0.5326966  -0.43393886  0.5169616  -0.13783473  0.5759426  -0.8515015
-0.22534226  -0.754321  -0.22984186  0.024192607  -0.7744743  -0.27397346  0.6324824  0.23763078  0.031231718  -0.8877193  0.33862168  0.6062361  0.0969657  -0.034856044  -0.19574282  -0.7532265
-0.2021786  -0.9133359  -0.25887972  0.096427396  -0.84485173  -0.3699314  0.7503385  0.25055155  -0.022109354  -0.97021866  0.40389886  0.7034649  0.043023866  -0.07184623  -0.21826476  -0.8533252
-0.2172257  -0.85055614  -0.23719327  0.100863315  -0.782095  -0.30017787  0.6375213  0.25059217  -0.005029821  -0.9731475  0.29089397  0.60678  0.1256871  -0.098362654  -0.14575788  -0.93685675
-0.010717642  0.33889192  0.12941584  0.12332446  0.14787993  0.32676807  -0.8159443  0.073445246  -0.15049171  -0.08816958  -0.5667809  -0.5104084  0.4984442  -0.09122729  0.45693848  -0.48283666
-0.043649964  0.58560884  -0.0077843666  0.08898302  0.59982884  0.10464444  -0.070143074  -0.60382617  -0.5090506  0.21401338  -0.40147427  -0.34337354  0.40588534  -0.48611015  0.037361905  0.33917347
-0.14355528  0.15886815  -0.3649727  -0.049085192  0.1787747  -0.297207  0.5387159  -0.47247142  -0.24028765  -0.021689344  0.12948386  0.12351771  0.122304186  -0.54528594  -0.50013644  0.4244551
-0.22298244  -0.6791423  -0.18389615  0.087552786  -0.6383585  -0.16158272  0.49193802  0.2025046  0.013729408  -0.8785514  0.17606154  0.46897674  0.2046791  -0.08457987  -0.09223424  -0.8297341
-0.10956976  -0.296735  0.015500357  0.1988788  -0.114960805  0.16509116  -0.159845  0.16935001  0.025039537  -0.43800813  -0.15218881  -0.07226932  0.31597498  -0.08229678  0.18516728  -0.7087907
-0.036956653  -0.12697242  -0.10201776  0.18250889  -0.18354487  0.14298378  -0.58183366  0.2626114  0.10953349  -0.35378885  -0.28436983  -0.16366056  0.3296736  -0.17876057  0.3647363  -0.8160039
0.14209369  0.24034849  0.07077633  0.16145623  -0.08528255  0.23554882  -1.048051  0.32557654  0.054041997  -0.07466459  -0.43079874  -0.4199437  0.3978666  0.0014597098  0.5316283  -0.57333314
0.120211944  0.30837023  -0.07802626  0.09368719  0.3983125  -0.228169  0.27551368  -0.44905472  -0.24489799  0.41366816  0.16168793  0.06871791  -0.12883972  -0.2634825  -0.31201673  0.87802017
0.14120974  0.0013722479  0.0511726  0.03383771  0.17561129  -0.14722016  0.30987653  -0.20703821  0.035571165  0.3241363  0.17806707  0.15372562  -0.16668513  -0.04871196  -0.11916889  0.56873983
-0.15442353  -0.8145224  -0.22535457  0.08662529  -0.736132  -0.36273763  0.68100566  0.21793538  -0.030981615  -0.82220346  0.37379694  0.6311506  -0.0005867686  -0.06436531  -0.20001188  -0.736474
-0.28362042  -0.07728815  0.02093403  0.21574019  0.15084276  0.3200372  -0.2381795  -0.14140958  -0.2625739  -0.4602877  -0.5416638  -0.289214  0.53413826  -0.33938724  0.2836297  -0.72835326
0.11742136  0.32926634  -0.09839155  0.10313111  0.4001914  -0.23472966  0.3033539  -0.4980808  -0.30452335  0.39435965  0.1118899  0.06706999  -0.07590117  -0.31662965  -0.2703266  0.8285667
-0.2052699  0.24024424  -0.07313108  0.103398755  0.3026257  0.15546697  -0.13146777  -0.32204723  -0.3510552  -0.17306548  -0.44891885  -0.33907118  0.45820448  -0.4522226  0.10883175  -0.2297628
0.14409526  0.30817133  -0.06023062  0.037852596  0.36025754  -0.23456873  0.28873545  -0.44156203  -0.21120867  0.4439755  0.17782624  0.04248507  -0.14101517  -0.23654386  -0.2641043  0.86424553
-0.25671795  0.0008903444  -0.03988302  0.18821555  0.118280016  0.33578557  -0.3415884  -0.04881497  -0.17214246  -0.44211334  -0.54264843  -0.33809668  0.5288062  -0.31264007  0.3211809  -0.7535758
0.105189785  0.32955277  -0.06539533  0.02501579  0.36511543  -0.15829284  0.223475  -0.40718433  -0.2775682  0.4363792  0.14026788  0.0035190396  -0.106677696  -0.22604078  -0.2598343  0.77704084
0.24403049  -0.056560576  0.3298776  -0.3163765  0.044094324  0.0638227  0.2422919  0.2527778  0.57498306  0.7055479  0.49116176  0.21930769  -0.8963627  0.8377536  -0.16707349  0.8132763
0.16146353  -0.060379248  0.69687986  -0.69602215  -0.33335838  0.45200685  -0.4407553  0.96484137  1.0358934  0.65063995  0.288211  -0.14815956  -0.78909934  1.5891889  0.3016433  0.12856613
0.13330759  -0.23042025  0.63241136  -0.663118  -0.40274432  0.38177034  -0.2389637  0.99049747  1.1040099  0.54367954  0.35580295  -0.011181191  -0.8887081  1.5640064  0.265455  0.053759146
0.124360934  0.036272794  -0.26300755  0.049367882  0.22632831  -0.36096668  0.6485111  -0.37677196  -0.20585799  0.3011145  0.3814456  0.31156555  -0.49412486  -0.27161717  -0.519328  0.82485867
0.25078964  0.1961565  0.3838074  -0.32549545  0.0121833235  0.19239056  -0.2997161  0.39291945  0.5024333  0.64850354  0.2312872  -0.07341738  -0.54317147  0.85116565  0.065091714  0.5335827
0.2541964  0.6479107  0.31638363  -0.2657532  0.15100779  0.18094021  -0.7549645  0.20661816  0.033050552  0.55273455  -0.16913453  -0.4383358  -0.001081741  0.4700312  0.2514698  0.34193993
0.191587  0.016061397  -0.14310199  -0.011168154  0.23376893  -0.31571174  0.66193426  -0.2955169  -0.027064972  0.46976596  0.4795827  0.36065686  -0.65705645  -0.042367466  -0.4957407  0.9887964
-0.06570174  0.655862  -0.007838815  0.08324086  0.6576296  0.14311266  -0.08728802  -0.67325675  -0.57381517  0.22403459  -0.48102108  -0.38886172  0.4556231  -0.5348411  0.04259105  0.3607278
0.13852437  0.16979468  0.5386132  -0.5265376  -0.16332299  0.37285024  -0.5772772  0.7096757  0.6553482  0.5201128  0.052324228  -0.30800667  -0.42214465  1.1179407  0.34939384  0.05596181
0.42035267  0.91204035  0.31131995  -0.01845204  0.8966911  0.030784424  -0.03145016  -0.6512694  -0.23004901  1.1623341  -0.017203264  -0.25069812  -0.28642136  0.117738426  -0.10338205  1.5535878
0.31599063  1.2122242  0.10684907  -0.02863513  1.1477119  -0.029450893  0.09962165  -1.0455035  -0.6118795  1.1575936  -0.10047552  -0.37307006  -0.08691809  -0.28474432  -0.35146254  1.7785302
