-0.5795372  1.0606971  -0.21081682  -1.2327162  -0.502181  0.03954006  0.79545385  -0.09341888  -0.43609023  -0.40371037  -1.1107409  -0.0074903965  0.17410463  0.100586206  0.15555114  0.2659745
-0.6516708  0.55012596  0.5914674  -0.93660235  -0.39866668  -0.1472806  0.63337255  0.14236073  0.11464526  0.24301848  -0.892917  -0.23594186  -0.4346835  0.8154988  0.2863444  0.5594203
-0.7784846  -0.038138323  0.26406837  -0.4041571  -0.8129713  -0.8868908  0.7304744  -0.09220962  -0.06977086  0.72321177  -0.84015197  0.4098841  -0.040614918  0.7695405  -0.22321375  0.45509303
-0.61949027  0.58889675  0.22708687  -1.0060797  -0.5944003  -0.19931504  0.60499656  0.16234936  0.07493164  0.17015994  -1.0521277  -0.13287649  -0.16078714  0.7067699  0.29346982  0.43584564
0.13842055  0.78146064  -0.34339142  -0.46400952  0.24576613  0.59071547  0.12570427  -0.119191326  -0.35461402  -0.79558545  -0.12090174  -0.24620321  0.18156496  -0.6051688  0.14686093  -0.10901818
0.39941877  0.9966586  -0.7516287  -0.3750131  0.38625872  0.86812377  -0.1747576  -0.10364319  -0.31803855  -1.1411833  -0.008402031  -0.7330762  0.37521654  -1.0715445  0.22367033  -0.31930226
0.36063105  0.854187  -0.68268013  -0.3110239  0.3181792  0.7562651  -0.1990073  -0.06859113  -0.22833261  -0.9665394  -0.014957447  -0.73066497  0.33010644  -0.93294805  0.20731282  -0.29221928
-0.45429686  0.4035296  0.103778586  -0.7073681  -0.45180005  -0.1909408  0.44892067  0.07659482  0.014244707  0.12889834  -0.76586103  -0.031066103  -0.04472017  0.47312552  0.18667203  0.2884779
-0.42251283  0.008393079  0.18361515  -0.23627079  -0.3809028  -0.42502266  0.3842201  -0.05193653  0.0022432432  0.39272696  -0.44502962  0.05890237  -0.062211715  0.43308154  -0.09625646  0.28746352
-0.28368336  -0.38958937  0.21849725  0.22762056  -0.3233645  -0.581939  0.1756645  -0.0064352565  0.15911084  0.6538132  -0.14825138  0.14560655  -0.13025142  0.39001775  -0.18300611  0.20856205
0.23480755  0.91834694  -0.5121726  -0.46486947  0.3190022  0.7334374  0.043438934  -0.1361715  -0.3880766  -0.9784408  -0.08288307  -0.40671042  0.26634926  -0.81699383  0.18105559  -0.19292888
0.07477824  -0.09198592  -0.049755912  0.30492303  -0.037369348  0.31142423  -0.4210961  0.8271041  0.46749124  -0.4675233  0.2211068  0.68405765  0.19007975  0.14299203  0.5708354  -0.17229855
-0.18787776  0.549035  -0.043836202  -0.74023086  -0.24560514  0.16528511  0.26435554  0.14700472  0.025987763  -0.16477054  -0.6333209  -0.21175  -0.03135066  0.2033555  0.29844257  0.13322923
-0.46794727  0.2698339  0.31574532  -0.5869117  -0.38040587  -0.21538529  0.4044872  0.09716539  0.11435123  0.2903301  -0.6512021  -0.15075871  -0.2349972  0.61325073  0.14947096  0.38396254
0.30396876  -0.22580935  0.2103607  0.37012112  0.26843733  0.1622733  -0.37284076  -0.11222563  0.19609816  0.051094797  0.41551965  -0.5849149  -0.30908543  0.13119292  -0.082050264  0.03678669
0.2015617  -0.57692087  0.47174904  0.6040459  0.20909183  -0.1523727  -0.26184696  -0.07913363  0.3129463  0.4542958  0.4218408  -0.40277863  -0.41912758  0.22193584  -0.12871116  0.044933207
0.44780767  0.8201065  -0.79754686  -0.18473104  0.37096485  0.78379065  -0.300085  -0.09211132  -0.232883  -1.0264897  0.10153829  -0.7604835  0.39600134  -1.0681325  0.17922427  -0.37058896
-0.28386277  0.5989617  0.22469476  -0.74454325  -0.09763999  0.24794929  0.32015914  0.13865195  -0.049604837  -0.18670589  -0.5475404  -0.2077719  -0.19435161  0.2188142  0.27271664  0.2775906
0.13463369  -0.5483664  0.41264376  0.5473301  0.18326919  -0.14236312  -0.23228091  -0.04988235  0.31375608  0.49913967  0.32010418  -0.46043116  -0.41892496  0.26209262  -0.13061258  0.033170618
-0.2557322  0.004181683  0.10445756  -0.22552948  -0.31619588  -0.27764726  0.34966934  -0.13847291  -0.16492729  0.23616466  -0.38811862  0.053497612  -0.05763092  0.26655313  -0.17353162  0.11711671
0.18669091  -0.54596996  0.3315043  0.54819626  0.23603  -0.095998906  -0.32190597  -0.013904533  0.3495688  0.42112404  0.40903026  -0.4483573  -0.35962945  0.23416692  -0.0926131  0.02535466
-0.29883754  0.5946146  0.19198412  -0.7636813  -0.03238752  0.2546691  0.36421594  0.106571674  -0.064802594  -0.27883726  -0.4858269  -0.17110354  -0.11821946  0.1975474  0.3024029  0.21686304
0.16853745  -0.5061761  0.3688028  0.5653108  0.17719093  -0.13487233  -0.23728876  -0.09425867  0.2280642  0.4163531  0.36473566  -0.4556435  -0.35408607  0.2136886  -0.15024187  -0.015155589
0.36079338  -0.7074226  0.037682332  0.767422  0.31907812  -0.08004898  -0.41955557  -0.18087873  0.020442463  0.2855698  0.75356835  0.19941208  -0.050276298  -0.19417639  -0.2967764  -0.2557347
-0.015067447  -0.5305499  -0.71972436  0.3390236  -0.3069536  -0.6478971  0.31416243  -0.48294896  -0.8316567  0.10542886  0.2284821  1.669465  0.91642106  -0.6242962  -0.7028954  -0.38098925
0.14414477  -0.54397494  -0.5555376  0.4743587  -0.061409518  -0.41731396  0.077843904  -0.43151304  -0.6726467  0.03586637  0.4661777  1.3962338  0.66611457  -0.63398635  -0.6084131  -0.41238758
0.29261968  -0.6038826  0.15775347  0.63920635  0.34259987  -0.0043365527  -0.47844362  -0.018528294  0.24772313  0.30630994  0.6381285  -0.13360757  -0.22794376  0.05147177  -0.14039923  -0.14611387
-0.16685024  -0.44313347  -0.25470412  0.20213537  -0.34762856  -0.60422075  0.24841323  -0.2374929  -0.28334832  0.3910854  -0.010102227  0.83681226  0.4227292  -0.041418217  -0.3774281  -0.046311993
-0.40555206  -0.08449418  -0.29505673  -0.09797721  -0.46386045  -0.66736335  0.48546255  -0.25974333  -0.53402597  0.13054703  -0.25581983  1.137845  0.46978185  -0.030473843  -0.43944985  0.0041788593
0.39995402  -0.7844148  0.24863318  0.8706249  0.43543875  -0.007788211  -0.6075704  -0.06912391  0.3209446  0.39245793  0.8482476  -0.19933462  -0.32647216  0.041974545  -0.18904327  -0.17603903
-0.12699401  -0.26004726  0.69734526  0.11884084  0.02324447  -0.18369472  0.045583285  0.035533786  0.35924536  0.50762606  0.0026496574  -0.49570498  -0.58462  0.60471743  0.015325172  0.28685743
-0.08179112  -0.26025075  -0.5338541  0.13581286  -0.22866264  -0.47716078  0.32514557  -0.40272063  -0.7619859  -0.020756982  0.09934879  1.3370997  0.6767793  -0.49663574  -0.5785104  -0.27906883
0.15297544  -1.0255367  0.9258462  1.0172607  0.19348317  -0.4873915  -0.33149058  -0.15322235  0.58816403  1.0155802  0.5934173  -0.6612607  -0.82725006  0.67445314  -0.29321745  0.19944814
-0.2552681  -1.2190148  0.7745684  0.94871426  -0.31705508  -1.1211692  0.13543652  -0.30071297  0.2896776  1.4002697  0.21825942  0.08380739  -0.5534928  0.81328654  -0.6402503  0.24468096
