0.6655981  -0.24268349  -1.139358  0.06738283  0.3097375  -1.1474628  0.27668294  -0.6783027  -0.7041451  0.49585444  -0.44057775  0.42978027  -0.0069570094  0.38288602  -0.35912812  -0.12881665
0.76138794  -0.9006108  -1.4574264  -0.70134914  0.007655725  0.26890656  0.0058427677  -0.721414  -0.26240262  0.5915702  0.24918835  0.7668386  0.028911931  0.5432724  -0.71943384  0.83539253
0.31304038  -0.4771205  -0.6965586  -0.96476334  -0.13547398  -0.14657617  0.4670319  -0.87428015  0.38571045  -0.39872482  0.7793175  0.367971  0.65916777  0.21141434  -0.6171795  0.3408784
0.6448643  -0.584393  -1.0557276  -0.13044429  0.21977118  0.083351344  -0.01924812  -0.29579917  -0.36819252  0.6766211  -0.12999326  0.68864095  -0.26926595  0.46711975  -0.4479249  0.53319156
0.1140831  0.3512745  -0.10512844  0.69539857  0.15119451  -0.9773709  0.01308628  -0.08097115  -0.742213  0.35889912  -0.81479657  -0.12944782  -0.3124905  0.15375927  0.41399688  -0.655802
0.13027018  0.2644312  -0.029224195  0.5760348  0.12693611  -0.69699204  -0.039905597  -0.043161724  -0.55166686  0.26515263  -0.7059556  -0.11564492  -0.31983912  0.19275466  0.4237691  -0.59277236
0.10097799  0.43179286  0.06709346  0.845459  0.16109203  -0.9369633  -0.07200542  0.019260988  -0.8044741  0.34141648  -0.99578476  -0.21405302  -0.41112  0.20822969  0.5818366  -0.80284834
0.45667234  -0.5235386  -0.85471785  -0.30279917  0.2132965  -0.0011493824  0.14671677  -0.39169115  -0.11262475  0.37050337  0.17814231  0.6798217  0.11255334  0.30105236  -0.5339452  0.52853006
0.095957324  -0.1919909  -0.32962143  -0.5355492  -0.23452294  -0.04516244  0.18180788  -0.53383  0.12252873  -0.2127332  0.3375015  0.012336694  0.22481067  0.19204912  -0.14509135  0.040132646
-0.021608468  -0.16120486  -0.20630333  -0.5528356  -0.18323353  -0.020508721  0.23583102  -0.4880985  0.2344633  -0.36312565  0.468078  0.081899874  0.39028847  0.12051111  -0.15903941  0.04958774
0.12733367  0.27392608  -0.19387741  0.5332042  0.12884094  -0.89932287  0.05569802  -0.12902114  -0.65128267  0.31911486  -0.65232205  -0.08257167  -0.25456032  0.13393359  0.28035647  -0.51762766
0.21430333  0.13071117  -0.24448399  0.2603863  0.071750395  -0.68062913  0.16421393  -0.06702204  -0.40129197  0.21601781  -0.29039195  0.045554757  -0.20481071  0.049355056  0.010769188  -0.21305902
0.3841257  -0.17225695  -0.56670934  0.20651534  0.21685377  -0.16443329  -0.039853584  -0.052829005  -0.3821454  0.51042867  -0.3557881  0.35580426  -0.37515274  0.29384685  -0.090596735  0.089586705
0.38860622  -0.43314514  -0.68568003  -0.22791487  -0.0151742995  0.23741426  -0.0881563  -0.24569656  -0.24854536  0.4168819  -0.038957227  0.35740328  -0.23917079  0.36676276  -0.2327384  0.38902813
-0.23603544  0.04414746  0.33528793  -0.34326065  -0.5068235  0.68713325  -0.28019008  0.044626236  0.22435267  -0.23080535  0.20380777  -0.46529225  -0.1543217  0.008545493  0.32769448  0.036790594
-0.27725524  0.090329014  0.32379696  -0.2668655  -0.45433304  0.6287408  -0.26059163  0.042672943  0.2509586  -0.25864726  0.21780431  -0.42989895  -0.1225789  -0.0024570925  0.37405226  0.009340589
-0.021645587  0.34703428  0.26068416  0.6526208  0.069711745  -0.45393795  -0.13025337  0.15529099  -0.53863776  0.20564389  -0.7205316  -0.2096737  -0.28732872  0.10929367  0.48524213  -0.54010946
0.38853836  -0.24602085  -0.6652931  -0.023447827  0.11058525  -0.15677083  -0.009881256  -0.20054623  -0.4021352  0.5339968  -0.19969022  0.35950384  -0.19275087  0.23240814  -0.25767213  0.2551751
-0.26413158  0.04951474  0.3277251  -0.34444648  -0.47901997  0.61902195  -0.23392054  0.05162265  0.26981285  -0.27917367  0.25921267  -0.41718492  -0.12352704  -0.023095246  0.30035394  0.02602461
0.29396975  -0.38560706  -0.61643255  -0.3933415  -0.22853318  0.25133866  -0.06962134  -0.40336314  -0.17025375  0.25004748  0.074488  0.17663193  -0.17488903  0.3777738  -0.14039814  0.32135496
-0.24499923  0.060181823  0.35885158  -0.33397615  -0.46558535  0.60351074  -0.2333477  0.05534532  0.29086396  -0.28326753  0.2255868  -0.44857016  -0.14334458  -0.018183552  0.2819048  0.05988104
0.35991293  -0.27442345  -0.61464787  0.05835199  0.17602621  -0.1625438  -0.045072507  -0.1671191  -0.37939036  0.5019546  -0.2278767  0.43556917  -0.19602841  0.24366269  -0.19870548  0.25697756
-0.28579718  0.06856638  0.35332328  -0.30472648  -0.5138513  0.6751022  -0.27160206  0.060454153  0.27113566  -0.2955012  0.25712702  -0.42608452  -0.13800135  -0.0024410114  0.3365197  0.001621549
-0.35695472  0.12668546  0.6887683  -0.21092865  -0.32239985  0.70995927  -0.1722267  0.32011536  0.53808445  -0.5381986  0.39790353  -0.38559318  0.066590816  -0.1807393  0.2410273  -0.0073939394
-0.39522138  0.3107409  0.81999373  0.5105517  0.968508  -0.74161905  0.5349542  0.74420804  0.7945168  -0.5374668  0.3166816  0.15954062  0.96422523  -1.0350168  -0.65057945  -0.07870381
-0.36437148  0.38225055  0.6476774  0.5165645  1.0862687  -1.2141919  0.65894735  0.59827465  0.6628103  -0.5334246  0.24544662  0.1632788  1.0743477  -1.0863651  -0.8036705  -0.14142701
-0.29488122  0.138364  0.5722818  -0.07537053  -0.44603413  0.8018942  -0.34901386  0.33702198  0.19362326  -0.30080593  0.10532158  -0.41965213  -0.28850657  0.038584944  0.45276368  -0.03947736
-0.2860839  0.076952696  0.52269983  -0.11112591  0.24019495  -0.031518966  0.27578917  0.2407772  0.6817283  -0.5967987  0.52005893  -0.013396785  0.62441677  -0.4649724  -0.2831697  0.0029595392
0.031986378  -0.08415219  -0.25891417  -0.704737  -0.015737586  -0.54097193  0.5088911  -0.64079165  0.42164838  -0.64464545  0.6397763  0.03046929  0.75560755  -0.109215945  -0.47163337  0.020462543
-0.3930845  0.1693677  0.73009074  -0.16402236  -0.5085009  0.9253863  -0.36224774  0.38512477  0.36148727  -0.45003  0.247505  -0.5116266  -0.21328399  -0.042564288  0.46277815  -0.039603747
0.024149485  -0.2979614  -0.1578984  -0.4465625  -0.40617037  0.77406883  -0.25644284  -0.09694958  0.10173652  0.035594523  0.2682155  -0.06329064  -0.15782249  0.16972746  0.03540913  0.34506154
-0.09355788  0.15695849  0.07885015  -0.19639832  0.32405734  -0.8262725  0.5122893  -0.16714683  0.41862816  -0.53933275  0.38041618  -0.009129025  0.7266788  -0.43890145  -0.4967356  -0.09980389
-0.32190126  -0.17107539  0.36017868  -1.2151881  -1.0450265  1.1446167  -0.24052894  -0.2881007  0.84721255  -0.9426038  1.0119872  -0.72653633  0.21638031  -0.024223536  0.17647159  0.25245234
-0.15367027  -0.42708963  0.08510355  -1.5704242  -1.2231823  1.4300102  -0.23464571  -0.54709584  0.91219884  -0.9978874  1.2100698  -0.6329465  0.23909558  0.1961978  0.07349971  0.43572378
