-0.14528216  0.8533779  0.86394924  -0.26056337  -0.36300412  0.74114084  -0.005716741  0.3150335  0.0050506294  0.3212578  -0.04853829  1.0146496  -0.8799983  -0.41349775  0.33676678  0.123936646
0.96563184  0.43099928  1.1371884  -0.33001062  0.23895109  0.6325044  -0.07941089  0.6536049  0.039637603  -0.7029742  -0.7772306  0.62438005  -0.18845853  0.3004171  -0.12758814  0.5462318
1.0093004  0.036635622  1.091083  -0.1405881  0.27474236  0.47282866  -0.18121506  0.5413678  0.2168304  -0.69840974  -0.79986787  0.6982653  -0.13476354  0.6261085  -0.13677615  0.4906424
0.600509  0.7391955  1.1385746  -0.39536512  0.05775032  0.75398225  -0.17437814  0.5357537  -0.072458796  -0.35634714  -0.5955677  0.92872703  -0.54267484  -0.01985094  -0.11000626  0.37316626
-0.57672536  0.8349574  -0.3134758  -0.26753736  -0.31228438  0.23357831  0.42272526  -0.063139975  -0.2925051  0.38253248  0.45903522  -0.23894376  -0.21810186  -1.1152762  0.37753054  0.04553896
-0.60658824  0.9639301  -0.548885  -0.2868209  -0.36581847  0.15581281  0.5763823  -0.14117588  -0.3184456  0.378299  0.56528425  -0.4812671  -0.1602377  -1.3795476  0.43817902  0.13834952
-0.61477435  0.9785844  -0.8182111  -0.2831982  -0.35504273  0.00019505993  0.71925044  -0.22246948  -0.2953834  0.30931002  0.63710636  -0.7368429  0.012619918  -1.5447283  0.47830248  0.24075356
0.5307757  0.64379734  1.0176773  -0.32639042  0.048131365  0.6596588  -0.21081573  0.48216513  -0.108325556  -0.26272553  -0.52804947  0.86956203  -0.48185486  -0.02569255  -0.0993719  0.26570114
0.39613852  -0.09267977  0.48721477  0.0651411  0.09897164  0.20961563  0.047414575  0.32950824  0.23986804  -0.298575  -0.28593114  0.1981914  -0.07022127  0.3420639  0.13127261  0.23056547
0.63240224  -0.00809164  0.2959096  -0.11609584  0.26002872  0.075143844  0.08517943  0.31049612  0.03620803  -0.62032616  -0.40984476  -0.06457065  0.2492221  0.21931839  -0.09554295  0.3784518
-0.61101687  0.82527524  -0.27863932  -0.25755122  -0.32031903  0.25550324  0.40585136  -0.07002424  -0.2677018  0.39879972  0.45380485  -0.16036645  -0.25092763  -1.0877737  0.39027956  0.02829388
-0.54100704  0.28316826  0.36596036  -0.3529568  -0.14121571  0.35250282  -0.31601486  0.18384221  -0.48380226  0.58467  0.08772987  0.4743843  -0.27661198  -0.18044499  -0.11292575  -0.40350682
-0.051239967  0.65986997  0.59621763  -0.24956718  -0.16690804  0.51077425  -0.09805456  0.25054473  -0.1281537  0.12418357  -0.097423494  0.61658126  -0.59345186  -0.2954851  0.024976458  0.044108834
0.71765804  0.3189833  0.76182187  -0.27503115  0.2307469  0.41760552  -0.07961877  0.46311516  -0.0069322847  -0.5623269  -0.59639555  0.4199617  -0.07557156  0.18625385  -0.16192232  0.40368655
0.13904274  -0.53228456  -0.32771745  0.20833357  0.24236399  -0.28507814  0.2744035  0.09569157  0.1434511  -0.33023295  0.011243295  -0.7479541  0.5462254  0.34025273  0.10318862  0.098091386
0.17149155  -0.46980065  -0.30422717  0.2830956  0.24287981  -0.27038792  0.4236073  0.13473529  0.32729235  -0.38212967  0.049704157  -0.7997481  0.5633054  0.2885495  0.2753799  0.26577678
-0.4892468  0.8473059  -0.7743293  -0.23783031  -0.3085658  -0.04180203  0.6518033  -0.21275048  -0.25781667  0.2403943  0.5604665  -0.7309427  0.043104842  -1.3677416  0.40485185  0.2423148
0.12270394  0.48352334  0.59864473  -0.27624595  -0.05583002  0.5072705  -0.10657972  0.36921296  -0.26846194  0.032690357  -0.22025102  0.45613807  -0.35571092  -0.10359429  -0.041565035  -0.016050044
0.10017628  -0.49200746  -0.31870222  0.28034526  0.30284995  -0.34659928  0.4344426  0.13990985  0.33789846  -0.33447182  0.075640365  -0.7747107  0.4884155  0.31559977  0.26592496  0.1303413
0.16790435  -0.010959458  0.43238696  -0.0047730654  0.053786654  0.21095285  0.12036121  0.44012585  0.13185771  -0.17215618  -0.17881979  0.03893192  -0.024946868  0.172169  0.20505704  0.19929709
0.10273609  -0.4953951  -0.28795493  0.18528576  0.2117437  -0.29940298  0.33623597  0.12652919  0.22815044  -0.3082128  0.023567198  -0.7381159  0.4854472  0.3037462  0.17272212  0.13115054
-0.46787632  0.32135385  0.35323346  -0.26614422  -0.2543929  0.4323725  -0.14688295  0.11580621  -0.34056723  0.52628  0.13380806  0.39501393  -0.41388223  -0.18457901  0.018822882  -0.3587954
0.17096327  -0.51698536  -0.27355066  0.21056658  0.24609691  -0.23799098  0.25401983  0.06925002  0.17059751  -0.34658846  -0.008258667  -0.7242158  0.57357526  0.33986238  0.10213104  0.12588882
0.043182384  -1.0030785  -0.21660382  -0.034816206  0.17019004  -0.38261175  -0.42717752  -0.11302494  -0.28946325  0.005453322  -0.29196084  -0.3298515  0.7520917  0.771438  -0.5185078  -0.35192937
-0.22960009  -0.6297461  -0.29972878  1.1430393  -0.34142238  -0.62291217  -0.6241926  -1.2872676  1.2633986  0.64888746  0.58499074  1.3473634  -1.1271439  0.6054371  0.14252326  -0.38960114
-0.38196725  -0.36367744  -0.4162644  1.2520852  -0.45734635  -0.61915994  -0.48486492  -1.3901142  1.4146705  0.74662656  0.8167745  1.4203413  -1.416173  0.34173712  0.33209077  -0.36681697
-0.56637686  -0.70014143  -0.42604792  -0.6505946  -0.1755544  -0.33853334  -0.881759  -0.22830245  -1.258783  0.61628735  -0.340783  -0.024871983  0.7810495  0.44617063  -1.1114368  -0.9163401
0.2227812  -0.7064767  0.07836025  0.3086167  0.07320993  -0.2934767  -0.46245697  -0.34690738  0.3257795  0.0011925772  -0.17994343  0.4175036  0.028919458  0.71798384  -0.2705984  -0.15552571
0.071608804  -0.4581052  -0.28737512  0.65786976  -0.06263665  -0.4087096  0.026958838  -0.39944133  0.7393419  -0.02908083  0.22987995  0.2001199  -0.31614676  0.41539097  0.23483332  0.032847553
-0.32082295  -0.9343924  -0.44049188  -0.3767576  0.019363727  -0.42106187  -0.59537894  -0.13050938  -0.862274  0.28877795  -0.3005481  -0.40390038  0.9401743  0.6067588  -0.8314999  -0.66295195
0.4756927  -0.23315066  0.120324485  -0.009687294  0.26475164  -0.017041638  0.20594254  0.32804462  0.10395636  -0.5304853  -0.2675126  -0.45586005  0.42206976  0.29988936  0.021382052  0.29546088
-0.22286949  -0.4617284  -0.30165735  1.0960667  -0.3158976  -0.51189315  -0.2716078  -0.9711256  1.2280747  0.4720872  0.6061807  0.9842895  -1.0748495  0.46375036  0.3488559  -0.24231285
0.6857367  -1.4679716  -0.1672085  0.6783711  0.4806226  -0.61450744  0.37605962  0.11605423  0.9038719  -0.8453053  -0.28699884  -0.8969014  0.8634136  1.4429637  0.19767416  0.3647264
1.0777402  -1.698294  0.06606062  0.61562985  0.6565705  -0.58887213  0.42114812  0.39891115  0.9401325  -1.2227927  -0.61541325  -1.0176514  1.1296662  1.7850229  0.13222563  0.59753895
