0.56782717  -0.41529942  -0.6619676  -0.81493545  0.78598076  -0.031715035  -0.77340806  -0.3255866  0.32064235  0.40673843  1.1942804  0.3464169  0.35125  -0.31026924  -0.37406757  0.5462141
0.96880573  -0.3165912  -0.55994546  -0.57603073  1.1225545  -1.3267727  5.0395727e-05  0.31736344  0.073997326  -0.22646686  0.56353533  -0.7901994  0.2368771  0.47278142  0.32886603  0.9884349
0.18502238  -0.35613602  -0.73362315  0.290312  0.6712705  -0.95730484  0.1472137  -0.3176158  0.5354567  -0.43977425  0.33363837  -0.97897923  -0.4557978  -0.45257503  -0.035579775  0.9242609
0.7743243  -0.20334387  -0.49804854  -0.48402068  0.9404825  -0.8915004  -0.096539415  0.12733543  0.07852776  -0.04831678  0.42470646  -0.5125389  0.29852116  0.4054403  0.16942611  0.5718819
0.08346841  -0.23602852  -0.20348784  -0.5665621  0.12856367  0.6847308  -0.38413692  -0.332993  0.018761946  0.57946604  0.39928174  1.1017885  0.42722398  -0.09398729  -0.44900924  -0.105804265
-0.03158714  -0.31795013  -0.05793726  -0.5505138  -0.03053572  0.9531636  -0.3159951  -0.24380745  -0.18240267  0.7575477  0.30933967  1.3420863  0.43727437  0.07406751  -0.4384895  -0.35056552
-0.015104435  -0.30100992  -0.05513498  -0.5424789  -0.012181655  0.9616939  -0.29724768  -0.24910994  -0.18170649  0.75076085  0.29721656  1.3554859  0.44822875  0.08009045  -0.42555442  -0.38451087
0.80368984  0.034053065  -0.13171017  -0.557438  0.7143907  -0.69780976  -0.032717817  0.3915405  -0.22692823  0.027375787  0.13183789  -0.33162934  0.49363172  0.7656317  0.30396497  0.1838053
-0.01521894  -0.54016167  -0.5096126  0.17635283  0.39438763  -0.664864  0.4050656  -0.15064281  0.24336866  -0.32428715  0.1000972  -0.44924304  -0.4107973  -0.22864088  0.014331888  0.7880362
-0.10200065  -0.21997243  -0.3502965  0.24950658  0.25306824  -0.46286124  0.22078016  -0.27071598  0.31761694  -0.2798074  0.059376433  -0.40894103  -0.36944306  -0.431432  -0.09446922  0.50193906
0.062152825  -0.24710685  -0.212589  -0.55384105  0.10789476  0.7080617  -0.35971683  -0.32085234  -0.0007264558  0.58829945  0.38860476  1.1273918  0.41020232  -0.080639675  -0.45872116  -0.11328788
0.3359924  -0.026526919  -0.15147907  -0.4728756  0.27882764  0.13729712  -0.4285829  0.03171722  -0.08604389  0.27241203  0.50847656  0.2055755  0.25431797  -0.016186913  -0.14017475  0.027024154
0.13873899  -0.1263174  -0.11566429  -0.49491346  0.18916392  0.18259767  -0.45022985  -0.10422838  0.043187924  0.22940096  0.61208314  0.30069688  0.1777245  -0.23752147  -0.15677434  0.12175289
0.48031005  -0.22261709  -0.4401279  -0.2570577  0.6949426  -0.7298348  -0.017421119  0.012223644  0.14803374  -0.11048585  0.31824958  -0.45895395  0.088513024  0.18130448  0.09387736  0.51246077
-0.46640715  -0.05001498  0.17934084  0.423981  -0.40261835  -0.020139007  0.67436075  0.100919165  -0.16183633  -0.25657362  -0.64349693  0.000607891  -0.3374798  -0.028276678  0.04846602  0.038183153
-0.40928957  -0.0604002  0.25340274  0.11560367  -0.41794646  0.0932477  0.5132856  0.1327808  -0.32143512  -0.10761057  -0.5606401  0.32626736  -0.020359002  0.22551206  0.002479122  -0.09586383
-0.13012528  -0.29526377  0.08418298  -0.3861844  -0.16000336  0.9577099  -0.1518452  -0.15186632  -0.27400887  0.7066078  0.11449152  1.2535722  0.35342193  0.17273864  -0.33593512  -0.4801849
0.5971588  -0.062544234  -0.14468081  -0.5946461  0.5435008  -0.32021534  -0.36236578  0.2063241  -0.13273016  0.12817599  0.5363489  -0.05254226  0.34344018  0.2883027  0.10100133  0.19119759
-0.049595956  0.28159702  0.42569953  0.2813032  -0.2711839  -0.09996879  0.28652793  0.26424906  -0.21072191  -0.19030362  -0.5756595  -0.18516555  -0.07907459  0.26385033  0.29566303  -0.27414095
0.24206072  0.113506645  0.20926997  -0.03091272  0.05525747  -0.53224456  0.3722686  0.42100433  -0.22312355  -0.22587973  -0.35972738  -0.36883968  0.069784194  0.47448462  0.34615806  0.17282012
-0.40129486  -0.067693226  0.18778735  0.4027568  -0.393883  -0.051470987  0.67528033  0.15682748  -0.21387368  -0.26382414  -0.65554315  0.035370573  -0.31273857  0.07443331  0.13649368  0.022572815
0.61704934  0.019471833  -0.14209002  -0.5940996  0.4840827  -0.23897368  -0.3432574  0.220943  -0.06568038  0.14018872  0.51037204  0.022835646  0.39106977  0.32410663  0.084817454  0.14194831
-0.38173196  -0.10127666  0.197231  0.42552012  -0.3853863  -0.09714341  0.7691958  0.13312069  -0.16872716  -0.25412637  -0.6825847  0.09901336  -0.36936346  0.046967883  0.10896093  0.043829426
-0.58853185  0.12049404  0.30747855  0.7106043  -0.526912  0.10614601  0.49065214  -0.0059690904  -0.12790954  -0.3173903  -0.75132304  -0.25246787  -0.48453182  -0.070121974  0.09258657  -0.3412787
-0.32606262  0.6163902  0.02252228  0.7422666  -0.4344799  0.507355  -0.90274704  -0.47205633  0.6785909  -0.1898059  0.41734242  -0.78915584  -0.2469514  -0.9144387  -0.1700475  -0.3883141
-0.22225511  0.64068675  0.20641547  0.42980772  -0.5192134  0.5256656  -0.9747094  -0.31384832  0.7375463  0.015596531  0.5397905  -0.4916953  -0.17521709  -0.94663477  -0.14505629  -0.3260799
-0.35069007  0.21732202  0.57699203  0.39840496  -0.46815774  0.046334606  0.4816505  0.23457977  -0.3551436  -0.15900213  -0.8616138  -0.004961809  -0.21312283  0.34459203  0.24817228  -0.5455193
-0.36321098  0.21411803  -0.0877839  0.6913207  -0.21726778  0.1015132  -0.2051452  -0.35456634  0.3756173  -0.3119719  -0.00054994226  -0.65867853  -0.3919735  -0.5583891  -0.07822228  -0.14126551
-0.07786986  0.15218857  -0.29938036  0.50633466  0.02413845  -0.21738626  -0.31397152  -0.38450146  0.627593  -0.27101195  0.3609462  -0.7425717  -0.4148532  -0.8106084  -0.13252258  0.2678817
-0.55706173  0.14070931  0.5528641  0.5867021  -0.5858226  0.0568387  0.69490284  0.20185964  -0.36308616  -0.26021734  -1.0312425  -0.050339755  -0.39230716  0.26506564  0.22364192  -0.49806756
0.0317956  -0.43629098  -0.28924254  0.16188902  0.29317182  -0.73843724  0.5766849  0.08433111  0.04005576  -0.36841592  -0.15886831  -0.48677307  -0.33609682  0.09545532  0.17388414  0.66702294
-0.20556565  0.629137  0.030057855  0.58225596  -0.37968668  0.41361952  -0.93919665  -0.43489444  0.7626418  -0.102892496  0.56715864  -0.680474  -0.2523384  -1.0387805  -0.1896978  -0.2654022
-0.7031962  -0.47150823  -0.07415853  0.8362322  -0.36035365  -0.6148636  1.3240207  0.03878026  -0.061217103  -0.671867  -0.9433392  -0.40878356  -0.85109276  -0.11724104  0.168271  0.61917835
-0.61742985  -0.102029674  0.012831565  1.2224745  -0.38138595  -0.82569635  1.0933678  -0.00735123  0.24188842  -0.88301563  -0.9377113  -1.1100795  -1.0675974  -0.4106918  0.2961208  0.604846
