-0.5821481  -0.0072279405  0.5437558  -0.8400126  -0.0575144  0.112309694  -0.14092627  -0.7315434  -0.78026986  -0.8868599  0.57070065  0.4674104  0.7521478  0.8871423  -0.56208146  -0.1155525
-1.0475011  -0.866645  -0.5269381  -0.9699544  -0.5322969  -0.22985199  0.044320785  -0.9160041  -0.16507164  -0.9729435  0.54284084  0.13971539  0.41151187  -0.12608097  -0.5291259  0.88081014
-0.6164798  -0.5846633  -0.8912785  -0.59455574  -0.6396755  -0.718658  -0.3016801  -0.50110936  -0.0034123398  -0.6541225  0.5724415  0.41492847  -0.19559099  0.14645603  0.04521136  0.8717401
-0.8022273  -0.5926192  -0.21295236  -0.77406985  -0.5307374  -0.08370459  -0.04834819  -0.9036208  -0.34229037  -0.98645216  0.4366971  0.2639451  0.5158438  0.1645979  -0.62432814  0.43609393
-0.03981601  0.8400107  1.2926774  -0.43569827  0.7470194  -0.0010803994  -0.054650217  0.18514  -0.90733564  0.2090263  0.39698118  0.19068024  0.5670316  1.0292011  0.18231666  -0.8529824
-0.02529354  0.8756853  1.3294635  -0.43210655  0.7500158  -0.008356802  -0.082740255  0.2053059  -0.95364904  0.22563806  0.42380828  0.20052767  0.5794594  1.0680711  0.20829186  -0.8851383
-0.02696712  0.8553895  1.3105818  -0.42444408  0.7360282  0.011843666  -0.069096774  0.19774881  -0.934128  0.230086  0.41419938  0.19264263  0.5768278  1.0459298  0.19842798  -0.86011195
-0.6488877  -0.49925366  0.0067726355  -0.6196078  -0.27157786  0.07925157  0.11547439  -0.7087879  -0.26996213  -0.680966  0.23892647  0.03754968  0.5256289  -0.01781862  -0.5956362  0.24701658
-0.31776306  -0.28522515  -0.8204673  -0.20583777  -0.28149152  -0.8396504  -0.15175326  0.14564079  0.2879284  0.10852733  0.35370296  0.055511083  -0.4948219  -0.15721251  0.60527205  0.7673812
-0.21566063  -0.17073607  -0.48436165  -0.14484449  -0.29213953  -0.6196379  -0.25843865  0.0072903335  0.010183185  -0.06185402  0.30296257  0.23768811  -0.25991866  0.037835315  0.2632683  0.49322218
-0.017711725  0.84089303  1.2761636  -0.4067495  0.719849  0.0033791196  -0.08720051  0.20260406  -0.9275939  0.22878042  0.41849425  0.18560295  0.55826724  1.0309275  0.20151868  -0.8419807
-0.11433665  -0.06719644  0.4009473  -0.112567686  0.057213087  0.34741065  0.20393859  -0.27737224  -0.27649727  -0.2366575  -0.13088498  -0.112982355  0.41363052  0.10199131  -0.39679  -0.30778387
-0.35152066  -0.1520743  0.23551807  -0.3978144  -0.22931927  0.14355636  0.006121074  -0.5279555  -0.3858829  -0.5353197  0.12238975  0.12399617  0.48393238  0.23343843  -0.5128392  -0.11943361
-0.6436421  -0.44229817  -0.30869398  -0.56015265  -0.3699544  -0.28400603  -0.0816156  -0.4834715  -0.18896961  -0.55430764  0.40198475  0.15814239  0.20599693  0.015893906  -0.21290272  0.52226365
0.010024784  0.23915882  0.02838771  0.22195816  0.15778187  -0.21547516  -0.08833751  0.57570195  0.1299849  0.5229613  -0.08111921  -0.11279415  -0.34589595  -0.23379967  0.49339283  0.10475056
0.05705478  0.047635656  -0.40999973  0.16663729  0.057380106  -0.4171295  -0.070681415  0.46847555  0.30470163  0.4161573  0.04210045  -0.07991803  -0.5606456  -0.18133786  0.6153531  0.24611355
0.16279744  -0.6558857  0.22419633  0.38408282  0.69721025  0.66838443  0.953104  0.085139446  0.36102134  0.5470949  -0.38454637  -1.1146332  1.0169389  -1.5738393  -0.5067577  -0.23979282
-0.4872961  -0.40960234  0.015822403  -0.47148442  -0.017793626  0.31544736  0.38718092  -0.4059131  -0.052882217  -0.28754488  -0.047873415  -0.32319635  0.34419283  -0.42585635  -0.35377383  0.25255272
0.113831684  0.042822286  -0.38662916  0.21392192  0.051538877  -0.45774773  -0.04377924  0.49361724  0.27461818  0.49197057  0.009339087  -0.15769264  -0.56547415  -0.27559227  0.6220691  0.22337829
-0.45162603  -0.2505139  -0.19646372  -0.38544846  -0.13543169  -0.17798817  -0.033918623  -0.21817179  -0.03770476  -0.27354434  0.2460948  0.05563387  0.050440177  -0.041941933  -0.09942551  0.4483799
0.034341596  0.19046018  -0.012770567  0.21951222  0.17078775  -0.30780092  0.01524071  0.55357116  0.103779115  0.5791248  -0.10497054  -0.2284745  -0.36074919  -0.30938515  0.47428548  0.08356087
-0.5046849  -0.39758676  0.112879634  -0.49247837  -0.11334436  0.16679406  0.15626101  -0.50796384  -0.2699352  -0.44636968  0.16241747  -0.0785767  0.51673704  -0.12703428  -0.52481496  0.18888098
0.007960239  0.09598297  -0.032668315  0.26623374  0.18647316  -0.2847426  -0.1725688  0.55995303  0.09686868  0.45608485  0.011082813  -0.061798476  -0.38331467  -0.26263273  0.4257329  0.12281452
1.0200135  0.23560964  -0.445908  0.88324165  -0.30198687  0.55036503  -0.317498  0.0405059  0.66422725  -0.1315072  -0.5257094  0.39223313  -0.65773094  0.3047038  -0.078517035  -0.32186168
1.3785572  0.244839  -0.48544705  1.0802084  -0.6335405  1.1464554  -0.4847963  -0.45423868  0.7525981  -0.8032072  -0.731955  0.8700735  -0.5996016  0.7777451  -0.65548307  -0.5604339
1.3743747  0.23737569  -0.51619476  1.0618186  -0.61291814  1.049101  -0.47034186  -0.40749872  0.7620225  -0.7331658  -0.70290637  0.8291452  -0.62260765  0.7521113  -0.59047717  -0.49390894
0.051648133  0.21781445  -0.0652761  0.28287858  0.20880666  -0.52025837  0.12589861  0.6958214  0.17358455  0.8873192  -0.17402148  -0.40386152  -0.366338  -0.5221895  0.5438421  0.10299243
1.1537509  0.27499664  -0.33653873  0.98839146  -0.30967426  0.7660756  -0.30978447  -0.056667373  0.6800981  -0.23432809  -0.6381801  0.43624607  -0.57571584  0.3735253  -0.25862062  -0.47979698
0.16301884  -0.103921056  -0.59408784  0.10026146  -0.47795653  -0.13044782  -0.39689633  -0.17111738  0.21957439  -0.5160954  0.08646363  0.5951757  -0.40644023  0.39375106  -0.007385209  0.34610173
0.06653938  0.19300139  -0.18920574  0.2820494  0.17666614  -0.58891857  0.089962125  0.71412003  0.23286954  0.8856714  -0.13437381  -0.3741051  -0.48138288  -0.50343394  0.6496994  0.16238995
-0.3628126  -0.33021465  -0.71407706  -0.24466185  -0.19889528  -0.65327275  -0.022385057  0.09990461  0.29425716  0.13336468  0.2608009  -0.105006754  -0.39172828  -0.31103963  0.47197133  0.7321657
0.7736266  0.12915123  -0.4754295  0.5953327  -0.4902073  0.46328372  -0.4232964  -0.21938816  0.4591872  -0.53499943  -0.33827153  0.6780589  -0.5552875  0.5618245  -0.23779267  -0.15155345
0.21566978  -0.13473693  -1.0830283  0.26676273  -0.3292266  -0.7165759  -0.23661417  0.34801993  0.64384115  0.23973164  0.07721239  0.15032437  -0.9459523  -0.08216554  0.7139861  0.5953342
0.18440722  -0.09966533  -1.2595406  0.37312472  -0.3982277  -0.9007861  -0.46343192  0.538471  0.72431433  0.31133562  0.106562205  0.30027318  -1.2656397  -0.11606504  0.86091727  0.7708652
