0.86750925  -0.015378378  -0.9199886  0.027499378  0.050045244  -0.03272053  -0.5512846  -0.09884606  -0.55738086  -0.912892  -0.58294684  -0.10594381  0.73155946  -0.7226386  0.61844194  0.29645285
0.92021084  0.39890555  -0.82032484  0.16184305  -0.46846548  -0.5511428  -0.9532725  0.8082144  -0.9009051  -0.34575665  -0.85101736  -0.6117757  0.56806886  -0.36647192  0.86013263  0.061835647
0.9778979  0.19746363  -0.235822  -0.1530563  -0.31220597  -0.8097135  -0.8459352  1.1898366  -0.9295449  0.19246754  -0.40102053  -0.3439414  0.1984053  0.13117027  -0.043707922  -0.4644948
0.6376177  0.0044382084  -0.47886068  0.52798414  -0.7678813  -0.090471104  -0.53124267  0.2817646  -0.8269405  -0.56430066  -0.5692714  0.17706642  0.4457826  -0.8717876  0.47408634  -0.25236347
0.19225009  -0.30761635  -0.360713  -0.12471925  0.45620042  0.40906906  0.13312916  -0.8004016  0.14609215  -0.7347555  -0.026181515  0.32673544  0.33491993  -0.52897936  0.04026268  0.34772903
0.09808296  -0.40801215  -0.40675646  -0.2093567  0.7917682  0.6527018  0.3606672  -1.2963877  0.3933751  -1.0196105  0.16855365  0.41954714  0.41406846  -0.5943886  -0.065106265  0.59800255
0.059206598  -0.3368938  -0.35563374  -0.1589712  0.6897755  0.57872784  0.33505338  -1.1402414  0.350318  -0.8934063  0.15550108  0.35395738  0.3651346  -0.52433836  -0.04565072  0.5420685
0.60926986  0.03331993  -0.42586967  0.4612362  -0.7020128  -0.14109905  -0.5629087  0.3766356  -0.8064182  -0.45906052  -0.5400535  0.096895814  0.38686618  -0.71168727  0.4494535  -0.26232445
0.17378071  0.34656876  -0.4812227  -0.42466962  0.59398025  -0.30805293  -0.2421553  0.19849268  0.13851085  0.12954473  -0.19383912  -0.8045418  0.2080095  0.5161259  0.5330603  0.52970815
0.3052763  0.040116135  0.15898445  -0.18379506  -0.118909754  -0.4044179  -0.25955355  0.524344  -0.23891757  0.32280457  0.026577301  -0.13616773  -0.09736243  0.34696513  -0.27537468  -0.34722632
0.17558514  -0.3729822  -0.40193546  -0.1771478  0.62192225  0.5243019  0.21959016  -1.0390573  0.25336766  -0.88592374  0.04543012  0.3896554  0.38872036  -0.5849046  -3.396161e-05  0.45769393
-1.041623  0.8557408  0.7381094  1.082381  -0.88797003  0.33035114  0.5493064  -0.22531898  0.42899024  -0.1313088  0.09913728  -0.55943  -0.5011265  -0.7139261  0.3577788  0.11691428
0.3656305  -0.07292727  -0.36850435  0.39524078  -0.44278914  0.09837249  -0.20967214  -0.10047557  -0.4510956  -0.5229189  -0.36590254  0.26506364  0.3551606  -0.78642297  0.2982542  -0.062607996
0.3926404  0.20131963  -0.10496094  -0.010053765  -0.28669137  -0.43724325  -0.43248537  0.6442047  -0.4206885  0.11841245  -0.22925532  -0.31034982  0.07814125  0.09444018  0.12862368  -0.17370687
-0.26143077  0.26574454  0.13700712  -0.4142503  0.5285225  -0.25100043  0.20032963  0.18457863  0.39475316  0.42230797  0.2609629  -0.52010727  -0.101491705  0.58030134  -0.038030464  0.3520676
-0.30995053  0.23254648  0.13776532  -0.33831164  0.53771687  -0.20899126  0.16510926  0.039988123  0.4060163  0.44036457  0.21045074  -0.5349661  -0.06567973  0.5948446  0.05314358  0.3215068
0.012195223  -0.3590083  -0.29625854  -0.23199522  0.7998452  0.5918243  0.39784393  -1.2066734  0.44731873  -0.8677876  0.2633599  0.35447246  0.33312163  -0.4196799  -0.14111182  0.5533542
0.19948119  0.087189734  -0.42408636  0.35403454  -0.39830828  0.076716  -0.2724141  -0.06237626  -0.3291229  -0.4991434  -0.46449745  -0.02227752  0.35218444  -0.6685056  0.62476957  0.17845203
-0.37562388  -0.08999454  0.3813628  -0.14612848  0.15017486  0.0016379778  0.16848019  -0.015660424  0.32645708  0.3796648  0.27441293  0.026580889  -0.25378275  0.3829338  -0.24840635  -0.085280254
0.26889598  0.23355456  -0.32060558  -0.1048128  0.009506745  -0.21488462  -0.30986476  0.310013  -0.15954198  -0.010239668  -0.33629304  -0.407106  0.15771005  0.066548765  0.35197213  0.18221933
-0.4662458  0.14296941  0.46445882  -0.06279458  -0.04815916  -0.050309274  0.2070657  -0.047787007  0.35786697  0.347483  0.25712168  -0.13627319  -0.38793647  0.32486168  -0.16901112  0.0099100415
0.28029388  0.051989764  -0.4466191  0.3120854  -0.3643545  0.0487638  -0.30071628  0.0030406844  -0.4097911  -0.5012704  -0.44164377  0.00015337393  0.32855183  -0.5984987  0.54325134  0.123819515
-0.29286835  0.16464165  0.13711327  -0.36280516  0.4301653  -0.21370474  0.10895085  0.042405993  0.3873974  0.47061065  0.17636374  -0.49528316  -0.11321333  0.6083164  0.08209908  0.26263547
-0.31560853  -0.4413423  0.63562906  -0.13344413  -0.15039521  0.09153865  0.2280383  0.19987443  0.09991353  0.74463695  0.39661363  0.70255715  -0.53617066  0.5593207  -0.86572814  -0.6663349
0.07448165  -0.81302494  0.109523356  0.21422514  -0.3583781  0.27010342  -0.018310905  0.13095602  -0.41446656  0.36610723  0.11477948  1.0497992  -0.24942885  0.18802318  -0.60306734  -0.868878
-0.26650319  -1.0213492  0.38701797  0.3761717  -0.56584644  0.5351175  0.18008599  -0.14294794  -0.25774175  0.4791813  0.2213527  1.4642265  -0.44625527  0.13095143  -0.7803707  -1.0556455
-0.51981  0.36486784  0.566903  -0.2568172  0.16791904  -0.038875904  0.58287233  0.12943378  0.64956987  0.49042028  0.44261646  -0.10351601  -0.44129285  0.49813762  -0.5251887  0.084593765
0.15061903  -0.23616496  0.37552986  -0.18294792  -0.16619174  -0.2569004  -0.18235219  0.4947212  -0.23292811  0.50537413  0.16557634  0.2695135  -0.2604413  0.414918  -0.5396984  -0.5889654
0.6908199  0.040202945  -0.018564723  -0.352548  0.08913941  -0.62539154  -0.44712794  0.9483344  -0.5027566  0.32582602  -0.013992548  -0.22489396  -0.016731925  0.450877  -0.37306967  -0.40964812
-0.49832663  0.18922769  0.57849205  -0.30720633  0.21845114  -0.057956673  0.50655156  0.17647916  0.5755586  0.6293281  0.45414257  -0.005464562  -0.46720168  0.63834804  -0.56777596  -0.04662738
0.19611207  0.42005324  -0.4993825  -0.36381125  0.45286798  -0.38465703  -0.33360448  0.35529214  0.0456641  0.1663886  -0.26135468  -0.88600826  0.21442012  0.53074986  0.63748723  0.48905227
0.41540352  -0.17972305  -0.06472424  -0.22544979  0.14775194  -0.30071783  -0.24010506  0.54357046  -0.3432488  0.29962376  0.009363212  0.081238165  -0.04938748  0.36945575  -0.33564228  -0.34755254
0.011348229  0.54372525  -0.102821216  -0.8240095  0.91923016  -0.6672723  -0.046465345  0.6363023  0.36018908  0.74403006  0.16357741  -1.1482406  0.005360838  1.170079  0.13700089  0.51657766
0.14340343  0.6132507  0.28201696  -1.1406585  0.90392107  -1.0477302  -0.18515474  1.2546046  0.29057992  1.2941623  0.28117436  -1.1835566  -0.33716652  1.7055085  -0.44684717  0.1383345
