-0.04294877  0.1723048  0.61037195  0.6886937  -1.4540657  -0.2781873  -0.23610747  -0.28655112  0.17881283  0.41371948  -0.5946258  0.05672513  0.2542569  0.77783436  0.34554785  0.6689525
0.49537432  -0.45294717  0.3911798  0.5699006  -1.1426797  0.042565897  0.4274626  0.6627288  0.42939568  0.7773911  -1.086054  0.43022835  0.79845595  0.65843135  -0.08159142  0.65140575
0.6407944  -0.76567006  -0.32783693  -0.28097314  -0.06571846  0.38823956  0.7424514  0.9351402  0.023477871  0.45567507  -0.7034817  0.63918453  0.8026482  0.038857367  -0.35969663  0.36105427
0.4977193  -0.46004847  0.23173691  0.32623076  -0.7338054  0.12964465  0.53563565  0.59954315  0.27744865  0.61874974  -0.9373697  0.52563095  0.7426566  0.52838296  -0.12114047  0.57776725
-0.44532162  0.653517  0.41283244  0.29356837  -0.36489895  -0.36421692  -0.44132352  -0.9268745  -0.37554973  -0.2484518  0.22969116  0.20568699  -0.5149777  0.3911512  0.45843276  0.4958705
-0.5066608  0.73853874  0.39379743  0.2773567  -0.26929417  -0.40336046  -0.45364857  -1.0782282  -0.5177238  -0.35058767  0.2995571  0.20682782  -0.6066121  0.37789446  0.48991507  0.49627483
-0.52286565  0.7930252  0.34773716  0.20460448  -0.06929074  -0.40858734  -0.43234357  -1.1730095  -0.6383297  -0.48192993  0.40447444  0.25305492  -0.72303575  0.304821  0.47545868  0.45823961
0.4040854  -0.35699692  0.22786433  0.304115  -0.72659373  0.088615835  0.4227106  0.45528847  0.23422745  0.52695066  -0.8155843  0.4630335  0.6147592  0.50544983  -0.062190905  0.5496282
0.26240852  -0.38024074  -0.24424742  -0.2654778  0.47866112  0.26247028  0.3961403  0.6333244  0.0531519  0.07291299  -0.13534808  0.31271377  0.25505802  -0.28110394  -0.24948756  0.05255071
0.3352617  -0.39248434  -0.16435811  -0.20386124  0.5998567  0.32111734  0.5160886  0.66402954  0.017750096  0.12646621  -0.21785037  0.35180777  0.40223864  -0.18559414  -0.33627516  -0.021905497
-0.43361688  0.63039064  0.42385387  0.3270656  -0.40956137  -0.36254948  -0.44666645  -0.88447016  -0.33328694  -0.20808882  0.20905083  0.18403962  -0.48329252  0.39929968  0.43946856  0.5022121
-0.2625398  0.27788448  0.3368971  0.33088082  -0.61428976  -0.20725776  -0.28736755  -0.33414328  -0.0038811117  0.037487976  -0.062060304  -0.12641361  0.02245604  0.27962255  0.3366332  0.32514608
-0.24075973  0.25848073  0.33194116  0.23224922  -0.7706631  -0.14733927  -0.4197994  -0.3923452  0.19991158  0.042144403  -0.0385985  -0.2137807  -0.077271104  0.2970554  0.3221346  0.24256633
0.406465  -0.36088434  0.1710677  0.24367248  -0.37969285  0.13566524  0.44333112  0.5439361  0.26416272  0.4719998  -0.6769258  0.36812043  0.56848246  0.33245704  -0.14773786  0.34483278
0.06291803  -0.11485208  -0.066485554  -0.097465284  0.7109935  0.11901268  0.06520495  0.29929715  0.25086328  -0.017612541  0.24131624  -0.2848683  -0.030113215  -0.34179926  -0.2218944  -0.5559125
0.028748296  -0.115645185  -0.075595275  -0.117843404  0.7439206  0.1476673  0.07038084  0.32304388  0.23007914  -0.038399808  0.21782993  -0.19402549  -0.07443512  -0.3629377  -0.2613986  -0.5112163
-0.44949675  0.67648363  0.25864112  0.14425118  0.005642036  -0.34355274  -0.3454352  -1.0185826  -0.59419155  -0.44279614  0.358672  0.2023186  -0.62391514  0.2334393  0.39801714  0.36006978
0.06605085  0.04404886  0.39767587  0.5171957  -0.9546223  -0.14627032  -0.10298826  0.019077567  0.28171325  0.36687198  -0.45725125  -0.037623152  0.23520716  0.4767471  0.12816077  0.30079502
0.053447783  -0.06457146  -0.03270755  -0.057539526  0.763354  0.09603527  0.07288483  0.3176295  0.24828611  -0.013962438  0.24595007  -0.24399298  -0.06596255  -0.34947968  -0.23017879  -0.54243696
0.22172517  -0.13055442  0.24366483  0.34894124  -0.37655646  0.00557296  0.10174611  0.32430866  0.36532542  0.3628814  -0.36196885  -0.052115712  0.2757624  0.20602478  -0.07752971  0.0031661391
0.04598415  -0.08048104  -0.12561259  -0.11518037  0.6979052  0.09863709  0.10417554  0.29837024  0.24028292  -0.043763164  0.23392193  -0.2643794  -0.05950982  -0.34717274  -0.26069504  -0.5807638
0.07998159  0.057097364  0.32743272  0.46976262  -0.94721806  -0.15686835  -0.12471624  -0.05027721  0.2212491  0.3489195  -0.43296292  -0.036936622  0.19056697  0.48234206  0.13552222  0.32325363
0.06375535  -0.08264973  0.0076999003  0.009372383  0.8459813  0.12287779  0.1441348  0.35084254  0.27504718  -0.01220463  0.20868172  -0.19743899  -0.031752065  -0.2977987  -0.28100914  -0.5540663
0.1317885  -0.2697696  -0.7641452  -0.6986322  -0.03734538  0.15261526  -0.15175253  0.05987961  -0.07764248  -0.19715342  0.4054225  -0.6037937  0.03362716  -0.4993957  -0.07620863  -0.640686
0.10108408  -0.29930744  -0.9849963  -0.81843257  -0.6006345  0.08689612  -0.37847397  -0.2547408  -0.33442238  -0.30360696  0.4194386  -0.7740124  0.0354179  -0.41651383  0.11558454  -0.5042379
0.075138874  -0.26901987  -0.9506639  -0.7987904  -0.57306707  0.059378512  -0.4012707  -0.27643758  -0.27330527  -0.30226037  0.43986723  -0.83704484  0.009121239  -0.41641012  0.11694234  -0.5757014
-0.103127204  -0.037711985  0.10317917  0.043393318  1.0036123  0.029924408  0.09608431  0.26725745  0.3366403  -0.06358426  0.21744205  -0.28871387  -0.24671711  -0.3653658  -0.26534277  -0.58711255
0.26885474  -0.39131442  -0.79410434  -0.7281328  -0.1536947  0.20950747  0.0018989146  0.1744277  -0.14367247  -0.113256335  0.21517113  -0.38655114  0.2235556  -0.40245304  -0.07038449  -0.41582027
0.18138304  -0.32071495  -0.24687728  -0.3309977  0.32803413  0.16138354  0.40937096  0.23239385  -0.32378015  0.094675735  -0.2380652  0.7104781  0.20558429  0.021777509  -0.1327864  0.45689416
-0.1018976  -0.03796509  0.05567984  0.0023990823  1.0338465  0.042487804  0.08005567  0.26196855  0.3266705  -0.08365638  0.2744799  -0.3235428  -0.25948188  -0.40409374  -0.28103307  -0.6523768
0.3236774  -0.38011727  -0.15035069  -0.09170337  -0.17164889  0.18883546  0.3257517  0.61299473  0.100254774  0.21822616  -0.39907974  0.34583932  0.37535706  -0.043060783  -0.13030453  0.34593284
-0.012634812  -0.111410506  -0.4944718  -0.3842116  -0.25848496  0.007939579  -0.319331  -0.21038213  -0.09513448  -0.19013727  0.34311342  -0.61751914  -0.06517362  -0.2610965  0.070632845  -0.45469826
0.2641452  -0.44816074  -0.45139888  -0.45436192  1.2226888  0.3349222  0.28220037  0.7865998  0.356252  -0.04935521  0.28151408  -0.42111018  0.101890005  -0.75755215  -0.4969143  -0.93667305
0.42769098  -0.6377501  -0.46866754  -0.43065688  1.1461927  0.4127785  0.42125526  1.0673728  0.4761376  0.11329327  0.110243924  -0.4429556  0.31940383  -0.76828617  -0.6047398  -0.9963826
