0.22667871  0.3135509  -0.395502  0.05305438  -0.06517495  0.26805577  0.59508073  -0.72042674  0.90818685  -0.4978522  0.3401488  0.57222867  -0.30891928  0.7574334  -0.08794523  1.18142
0.07439419  0.29304373  -0.817675  -0.44864613  0.2205692  0.1875976  0.60428923  -0.42065144  0.68037045  -0.20753908  0.52325755  0.13497938  0.6152971  0.63088256  -0.42026967  1.5489173
-0.36362603  1.0183007  -0.3165527  -0.3521753  -0.41080365  0.25851002  0.40633807  -0.7091283  0.02958332  0.5267115  0.7632797  0.7111338  0.95662814  0.62008  0.04885328  0.9634119
0.080030076  -0.21911064  -0.7686578  -0.518607  0.77601117  0.033618957  0.3708174  0.11929245  0.47118473  -0.16801186  0.19907425  -0.43451303  0.63531184  0.020051762  -0.6278905  1.207289
0.4902942  -0.308416  0.21939166  0.5549214  -0.052839078  0.09351174  0.22217974  -0.264076  0.7235725  -0.83847034  -0.2721799  0.31396413  -1.3669837  0.28908452  0.18811154  0.060978558
0.54430985  -0.4055738  0.3257683  0.709164  -0.07435689  0.033087656  0.21460178  -0.18370722  0.7601996  -1.0699459  -0.4323807  0.3306592  -1.7108936  0.22187908  0.16342051  -0.14483954
0.5389595  -0.4134811  0.33586472  0.71089333  -0.08325146  0.030269617  0.21456622  -0.18013586  0.75174034  -1.0624727  -0.43750104  0.32777968  -1.7039942  0.20829944  0.15615395  -0.17151994
0.08615166  0.20913959  -0.6387404  -0.432467  0.29292485  0.16982734  0.51285076  -0.27669778  0.55741495  -0.20453006  0.45108318  0.053400744  0.4959246  0.4315399  -0.3891405  1.2863425
-0.4802467  0.68321663  0.33420956  -0.42499754  -0.3281667  0.25621814  0.25127625  -0.77678984  -0.05132705  0.029822629  0.5466347  0.04949362  0.03497871  0.5318784  -0.014793845  -0.24052474
-0.40673807  0.6203544  0.04230766  -0.34521037  -0.33184466  0.13417688  0.15409657  -0.3447848  -0.29328257  0.361209  0.44673917  0.18347827  0.60802877  0.2577464  -0.023632877  0.033212587
0.49078903  -0.31455636  0.21029207  0.54684514  -0.059892997  0.09149537  0.22069381  -0.24969624  0.7260333  -0.8256888  -0.274795  0.3226369  -1.344518  0.27302462  0.17781338  0.07065597
0.23324399  -0.016328014  -0.1357351  0.04484094  -0.0517169  0.13003059  0.17534354  -0.26607072  0.43937266  -0.27901852  0.06761212  0.19081831  -0.285371  0.31563693  0.03141931  0.42573023
0.17134199  -0.90996933  -0.65439713  -0.32861722  1.2820804  -0.23781501  -0.070585705  0.8497448  0.17948058  -0.14198637  -0.36347818  -1.0217491  0.44167876  -0.72236  -0.7230004  0.5053908
-0.18332328  0.40454292  -0.23729256  -0.40687588  0.011136968  0.20171505  0.35158005  -0.41497558  0.17055747  0.030442744  0.46105224  0.087960675  0.4606957  0.36239943  -0.22068128  0.6118094
-0.47455654  0.12806435  0.51231396  -0.31476775  -0.12179804  0.013305742  -0.13070619  -0.15985449  -0.5947357  0.19456695  0.091698825  -0.47137603  -0.01931255  0.003588926  0.041643318  -0.90482056
-0.45877343  0.08618539  0.5248053  -0.3475363  -0.13089322  0.017926725  -0.13647965  -0.10502098  -0.63639545  0.17287973  0.06516373  -0.5383426  -0.006474645  -0.03813395  0.020159252  -0.95294297
0.45748937  -0.42111394  0.39012757  0.7240238  -0.08469589  -0.03762064  0.11925809  -0.04952772  0.5812597  -0.99427116  -0.5128953  0.26904407  -1.6407945  0.06263613  0.12654175  -0.3842638
0.20308182  -0.07403377  -0.50178826  -0.16707495  0.20318884  0.04077829  0.34164435  -0.11970965  0.4876908  -0.2703157  0.17243145  -0.031324852  0.14945051  0.34356195  -0.22742987  0.9267076
-0.468675  0.083460085  0.5536671  -0.30682606  -0.14281844  -0.014863398  -0.11893795  -0.09772186  -0.69181734  0.24369967  0.055080667  -0.46339965  -0.061435517  -0.036263317  0.116871975  -0.95071745
-0.17608297  0.3343492  -0.2008674  -0.30797377  -0.11933981  0.10914227  0.28486124  -0.39382458  0.12478682  -0.00805366  0.34087592  0.036599502  0.3033594  0.4208173  -0.12365302  0.42003873
-0.477205  0.048326205  0.4964453  -0.39025122  -0.08839395  0.013928467  -0.10483457  -0.156414  -0.60356796  0.15021735  0.08828043  -0.5708027  -0.022074725  -0.009642703  -0.0047177817  -0.9036313
0.24595223  -0.039894734  -0.50129956  -0.10725158  0.20462817  0.061601114  0.3203394  -0.1563892  0.53911436  -0.28981602  0.17467214  0.04364972  0.078795455  0.3627433  -0.17732379  0.95428264
-0.44293958  0.09033125  0.52321243  -0.28669438  -0.101515785  -0.0021351893  -0.13952768  -0.12834483  -0.6307072  0.20592701  0.07154905  -0.48346406  -0.06923718  -0.021642221  0.09529486  -0.89679766
0.14563361  0.009395048  -0.09731297  0.7679174  -0.04680613  -0.32240182  -0.6005621  0.536052  -0.47978607  0.94915074  -0.37147865  0.66264045  0.51487267  -0.61973614  0.61083496  -0.07637459
0.3367529  0.08173461  -0.21856558  1.1321746  -0.0056352764  -0.33559984  -0.6362451  0.50545555  -0.4039928  1.1832982  -0.37629452  1.1034223  0.53213406  -0.63794947  0.887327  0.31647092
0.3623062  0.014913455  -0.2684586  1.1896993  0.034416348  -0.36395535  -0.7050541  0.5408184  -0.35370415  1.1606101  -0.44615307  1.1135192  0.52272147  -0.6860379  0.85911083  0.27944386
0.0030091256  -0.42745158  -0.040500008  -0.43909144  -0.31995523  -0.060467847  -0.31207693  0.881227  -0.21579482  -0.20917305  -0.30277002  -0.57497346  0.44542527  -0.571619  -0.5673727  -0.7541045
0.084535934  0.2187447  -0.17390135  0.63583857  -0.07883148  -0.21369618  -0.4363033  0.287409  -0.3599799  0.92090523  -0.14314261  0.79721427  0.63084155  -0.4139618  0.5434079  0.18579687
-0.27914307  0.7376824  0.00092460215  0.052593384  -0.44962013  0.16982053  0.03863264  -0.4853218  -0.2367512  0.5775487  0.39083955  0.6788327  0.52416205  0.26409802  0.29553786  0.24791458
0.14006239  -0.56939113  -0.19944799  -0.4581825  -0.32534277  -0.07517635  -0.3339355  1.1157814  -0.08799967  -0.31555492  -0.38921523  -0.5861295  0.5321869  -0.6794039  -0.70227146  -0.6358433
-0.54590404  0.66159225  0.44864234  -0.3730261  -0.35693175  0.1971249  0.12780306  -0.6901429  -0.15170217  0.099821076  0.44065535  0.0116882995  -0.010624173  0.3927491  0.0095759295  -0.542191
0.017192453  0.3281686  0.023030281  0.5942401  -0.21347202  -0.08679116  -0.33025813  -0.050284877  -0.35605952  0.80836207  -0.025126792  0.74990684  0.3242388  -0.1471746  0.6340251  0.088398874
-0.8897452  0.38161054  0.8917241  -0.5282248  -0.29848298  0.028525352  -0.21306117  -0.34423086  -1.2013334  0.6271561  0.23364095  -0.5946864  0.122038275  0.030699085  0.2625654  -1.4790612
-0.99079585  0.91879493  0.59180576  -0.49406576  -0.6802644  0.09407497  -0.20361812  -0.45222467  -1.1664702  1.042132  0.46095216  0.037725  0.83762777  0.10890529  0.3049894  -1.037198
